0 0.13361 0.133592 -0.34024
1e-06 0.133606 0.133602 -0.340231
2e-06 0.133596 0.133631 -0.340203
3e-06 0.133578 0.13368 -0.340158
4e-06 0.133553 0.133749 -0.340094
5e-06 0.133521 0.133837 -0.340012
6e-06 0.133481 0.133944 -0.339912
7e-06 0.133435 0.134071 -0.339794
8e-06 0.133382 0.134218 -0.339657
9e-06 0.133321 0.134384 -0.339503
1e-05 0.133253 0.134569 -0.33933
1.1e-05 0.133179 0.134774 -0.339138
1.2e-05 0.133097 0.134998 -0.338929
1.3e-05 0.133008 0.135241 -0.3387
1.4e-05 0.132912 0.135503 -0.338454
1.5e-05 0.132809 0.135784 -0.338189
1.6e-05 0.132699 0.136084 -0.337906
1.7e-05 0.132582 0.136404 -0.337604
1.8e-05 0.132459 0.136742 -0.337284
1.9e-05 0.132328 0.137098 -0.336945
2e-05 0.13219 0.137474 -0.336587
2.1e-05 0.132045 0.137868 -0.336211
2.2e-05 0.131894 0.13828 -0.335816
2.3e-05 0.131735 0.138711 -0.335402
2.4e-05 0.13157 0.139159 -0.334969
2.5e-05 0.131398 0.139626 -0.334518
2.6e-05 0.131219 0.140111 -0.334048
2.7e-05 0.131033 0.140614 -0.333558
2.8e-05 0.130841 0.141134 -0.33305
2.9e-05 0.130642 0.141672 -0.332522
3e-05 0.130436 0.142227 -0.331975
3.1e-05 0.130224 0.142799 -0.331409
3.2e-05 0.130005 0.143388 -0.330824
3.3e-05 0.129779 0.143995 -0.330219
3.4e-05 0.129547 0.144618 -0.329595
3.5e-05 0.129309 0.145257 -0.328951
3.6e-05 0.129064 0.145913 -0.328288
3.7e-05 0.128812 0.146585 -0.327605
3.8e-05 0.128554 0.147273 -0.326902
3.9e-05 0.12829 0.147976 -0.32618
4e-05 0.12802 0.148696 -0.325437
4.1e-05 0.127743 0.14943 -0.324675
4.2e-05 0.12746 0.15018 -0.323892
4.3e-05 0.127171 0.150945 -0.32309
4.4e-05 0.126876 0.151724 -0.322267
4.5e-05 0.126575 0.152518 -0.321424
4.6e-05 0.126267 0.153326 -0.32056
4.7e-05 0.125954 0.154148 -0.319676
4.8e-05 0.125635 0.154983 -0.318771
4.9e-05 0.12531 0.155833 -0.317846
5e-05 0.124979 0.156695 -0.3169
5.1e-05 0.124642 0.15757 -0.315933
5.2e-05 0.1243 0.158459 -0.314945
5.3e-05 0.123952 0.159359 -0.313937
5.4e-05 0.123598 0.160272 -0.312907
5.5e-05 0.123238 0.161196 -0.311856
5.6e-05 0.122874 0.162132 -0.310784
5.7e-05 0.122503 0.16308 -0.309691
5.8e-05 0.122128 0.164038 -0.308576
5.9e-05 0.121746 0.165007 -0.30744
6e-05 0.12136 0.165987 -0.306282
6.1e-05 0.120968 0.166976 -0.305102
6.2e-05 0.120572 0.167975 -0.303901
6.3e-05 0.12017 0.168984 -0.302678
6.4e-05 0.119763 0.170002 -0.301433
6.5e-05 0.119351 0.171028 -0.300167
6.6e-05 0.118934 0.172063 -0.298878
6.7e-05 0.118512 0.173106 -0.297567
6.8e-05 0.118085 0.174157 -0.296234
6.9e-05 0.117654 0.175215 -0.294879
7e-05 0.117218 0.17628 -0.293502
7.1e-05 0.116777 0.177352 -0.292102
7.2e-05 0.116332 0.17843 -0.29068
7.3e-05 0.115882 0.179514 -0.289236
7.4e-05 0.115428 0.180603 -0.287769
7.5e-05 0.11497 0.181698 -0.286279
7.6e-05 0.114507 0.182797 -0.284767
7.7e-05 0.11404 0.183901 -0.283232
7.8e-05 0.113569 0.185009 -0.281674
7.9e-05 0.113093 0.18612 -0.280094
8e-05 0.112614 0.187235 -0.278491
8.1e-05 0.112131 0.188352 -0.276865
8.2e-05 0.111644 0.189472 -0.275217
8.3e-05 0.111153 0.190593 -0.273545
8.4e-05 0.110658 0.191717 -0.271851
8.5e-05 0.11016 0.192841 -0.270133
8.6e-05 0.109657 0.193966 -0.268393
8.7e-05 0.109152 0.195091 -0.26663
8.8e-05 0.108643 0.196216 -0.264844
8.9e-05 0.10813 0.19734 -0.263035
9e-05 0.107615 0.198464 -0.261203
9.1e-05 0.107095 0.199585 -0.259348
9.2e-05 0.106573 0.200705 -0.25747
9.3e-05 0.106048 0.201823 -0.255569
9.4e-05 0.105519 0.202937 -0.253645
9.5e-05 0.104988 0.204048 -0.251699
9.6e-05 0.104454 0.205156 -0.24973
9.7e-05 0.103917 0.206259 -0.247738
9.8e-05 0.103377 0.207357 -0.245723
9.9e-05 0.102834 0.208451 -0.243685
0.0001 0.102289 0.209538 -0.241625
0.000101 0.101741 0.210619 -0.239542
0.000102 0.101191 0.211694 -0.237437
0.000103 0.100638 0.212762 -0.23531
0.000104 0.100083 0.213822 -0.23316
0.000105 0.0995261 0.214874 -0.230988
0.000106 0.0989667 0.215917 -0.228793
0.000107 0.0984052 0.216952 -0.226577
0.000108 0.0978417 0.217977 -0.224339
0.000109 0.0972761 0.218992 -0.222078
0.00011 0.0967087 0.219996 -0.219797
0.000111 0.0961394 0.220989 -0.217493
0.000112 0.0955684 0.221971 -0.215168
0.000113 0.0949957 0.222941 -0.212822
0.000114 0.0944214 0.223898 -0.210455
0.000115 0.0938456 0.224842 -0.208066
0.000116 0.0932682 0.225773 -0.205657
0.000117 0.0926895 0.22669 -0.203227
0.000118 0.0921094 0.227592 -0.200777
0.000119 0.0915281 0.228479 -0.198306
0.00012 0.0909456 0.229351 -0.195815
0.000121 0.090362 0.230207 -0.193305
0.000122 0.0897773 0.231046 -0.190775
0.000123 0.0891916 0.231869 -0.188225
0.000124 0.088605 0.232673 -0.185656
0.000125 0.0880176 0.23346 -0.183068
0.000126 0.0874294 0.234229 -0.180461
0.000127 0.0868405 0.234978 -0.177836
0.000128 0.0862509 0.235708 -0.175193
0.000129 0.0856608 0.236418 -0.172532
0.00013 0.0850701 0.237108 -0.169853
0.000131 0.084479 0.237776 -0.167157
0.000132 0.0838876 0.238424 -0.164444
0.000133 0.0832958 0.239049 -0.161714
0.000134 0.0827038 0.239652 -0.158967
0.000135 0.0821116 0.240232 -0.156205
0.000136 0.0815193 0.240789 -0.153427
0.000137 0.0809269 0.241323 -0.150633
0.000138 0.0803345 0.241832 -0.147824
0.000139 0.0797422 0.242316 -0.145001
0.00014 0.0791501 0.242775 -0.142163
0.000141 0.0785581 0.243209 -0.139311
0.000142 0.0779665 0.243616 -0.136446
0.000143 0.0773751 0.243997 -0.133568
0.000144 0.0767841 0.244352 -0.130677
0.000145 0.0761936 0.244678 -0.127773
0.000146 0.0756035 0.244978 -0.124858
0.000147 0.075014 0.245248 -0.121931
0.000148 0.0744251 0.245491 -0.118993
0.000149 0.073837 0.245704 -0.116045
0.00015 0.0732495 0.245888 -0.113087
0.000151 0.0726628 0.246042 -0.110119
0.000152 0.072077 0.246166 -0.107142
0.000153 0.0714921 0.246259 -0.104156
0.000154 0.0709081 0.246322 -0.101162
0.000155 0.0703252 0.246353 -0.0981605
0.000156 0.0697433 0.246352 -0.0951519
0.000157 0.0691625 0.24632 -0.0921367
0.000158 0.0685829 0.246255 -0.0891155
0.000159 0.0680045 0.246157 -0.0860887
0.00016 0.0674274 0.246026 -0.083057
0.000161 0.0668516 0.245862 -0.0800209
0.000162 0.0662772 0.245665 -0.076981
0.000163 0.0657042 0.245433 -0.0739378
0.000164 0.0651327 0.245167 -0.070892
0.000165 0.0645627 0.244867 -0.067844
0.000166 0.0639943 0.244532 -0.0647946
0.000167 0.0634275 0.244162 -0.0617444
0.000168 0.0628623 0.243757 -0.0586939
0.000169 0.0622989 0.243316 -0.0556437
0.00017 0.0617372 0.242839 -0.0525946
0.000171 0.0611773 0.242327 -0.0495471
0.000172 0.0606192 0.241778 -0.0465018
0.000173 0.060063 0.241193 -0.0434595
0.000174 0.0595087 0.240572 -0.0404207
0.000175 0.0589564 0.239914 -0.0373862
0.000176 0.0584061 0.239219 -0.0343566
0.000177 0.0578579 0.238487 -0.0313326
0.000178 0.0573117 0.237718 -0.0283148
0.000179 0.0567676 0.236912 -0.025304
0.00018 0.0562257 0.236069 -0.0223008
0.000181 0.055686 0.235188 -0.0193059
0.000182 0.0551485 0.234269 -0.01632
0.000183 0.0546133 0.233314 -0.0133438
0.000184 0.0540804 0.23232 -0.0103781
0.000185 0.0535499 0.231289 -0.00742349
0.000186 0.0530217 0.230221 -0.00448075
0.000187 0.0524959 0.229115 -0.00155057
0.000188 0.0519725 0.227971 0.00136632
0.000189 0.0514516 0.226789 0.0042692
0.00019 0.0509332 0.22557 0.00715734
0.000191 0.0504174 0.224314 0.01003
0.000192 0.049904 0.22302 0.0128865
0.000193 0.0493933 0.221689 0.0157261
0.000194 0.0488852 0.220321 0.018548
0.000195 0.0483797 0.218915 0.0213515
0.000196 0.0478769 0.217473 0.0241359
0.000197 0.0473768 0.215993 0.0269004
0.000198 0.0468794 0.214478 0.0296443
0.000199 0.0463847 0.212925 0.0323669
0.0002 0.0458928 0.211336 0.0350675
0.000201 0.0454037 0.209712 0.0377452
0.000202 0.0449174 0.208051 0.0403995
0.000203 0.044434 0.206355 0.0430295
0.000204 0.0439534 0.204624 0.0456345
0.000205 0.0434756 0.202857 0.0482138
0.000206 0.0430008 0.201056 0.0507666
0.000207 0.0425288 0.19922 0.0532924
0.000208 0.0420598 0.197351 0.0557902
0.000209 0.0415938 0.195447 0.0582595
0.00021 0.0411307 0.19351 0.0606995
0.000211 0.0406706 0.19154 0.0631096
0.000212 0.0402134 0.189538 0.065489
0.000213 0.0397593 0.187503 0.067837
0.000214 0.0393082 0.185437 0.0701529
0.000215 0.0388602 0.183339 0.0724362
0.000216 0.0384152 0.18121 0.074686
0.000217 0.0379733 0.179051 0.0769017
0.000218 0.0375344 0.176862 0.0790828
0.000219 0.0370987 0.174644 0.0812284
0.00022 0.036666 0.172397 0.0833381
0.000221 0.0362364 0.170122 0.0854111
0.000222 0.03581 0.167818 0.0874468
0.000223 0.0353867 0.165488 0.0894447
0.000224 0.0349665 0.163131 0.091404
0.000225 0.0345494 0.160748 0.0933243
0.000226 0.0341355 0.15834 0.0952049
0.000227 0.0337248 0.155907 0.0970452
0.000228 0.0333172 0.15345 0.0988448
0.000229 0.0329128 0.15097 0.100603
0.00023 0.0325115 0.148466 0.102319
0.000231 0.0321135 0.145941 0.103993
0.000232 0.0317186 0.143395 0.105624
0.000233 0.0313268 0.140828 0.107212
0.000234 0.0309383 0.138241 0.108756
0.000235 0.0305529 0.135635 0.110255
0.000236 0.0301708 0.13301 0.111709
0.000237 0.0297918 0.130369 0.113119
0.000238 0.029416 0.12771 0.114482
0.000239 0.0290434 0.125035 0.1158
0.00024 0.0286739 0.122345 0.117071
0.000241 0.0283077 0.119641 0.118295
0.000242 0.0279446 0.116924 0.119472
0.000243 0.0275847 0.114193 0.120601
0.000244 0.027228 0.111451 0.121682
0.000245 0.0268745 0.108699 0.122716
0.000246 0.0265241 0.105936 0.1237
0.000247 0.026177 0.103163 0.124636
0.000248 0.0258329 0.100383 0.125523
0.000249 0.025492 0.0975955 0.126361
0.00025 0.0251543 0.0948014 0.12715
0.000251 0.0248197 0.0920018 0.127888
0.000252 0.0244883 0.0891976 0.128577
0.000253 0.02416 0.0863898 0.129216
0.000254 0.0238348 0.0835793 0.129805
0.000255 0.0235127 0.0807671 0.130343
0.000256 0.0231938 0.0779541 0.130832
0.000257 0.0228779 0.0751413 0.13127
0.000258 0.0225652 0.0723297 0.131657
0.000259 0.0222555 0.0695202 0.131994
0.00026 0.0219489 0.0667137 0.132281
0.000261 0.0216453 0.0639114 0.132517
0.000262 0.0213449 0.0611141 0.132702
0.000263 0.0210474 0.0583228 0.132838
0.000264 0.020753 0.0555386 0.132923
0.000265 0.0204616 0.0527623 0.132958
0.000266 0.0201732 0.0499951 0.132943
0.000267 0.0198879 0.0472378 0.132878
0.000268 0.0196055 0.0444915 0.132763
0.000269 0.0193261 0.0417571 0.132599
0.00027 0.0190496 0.0390357 0.132385
0.000271 0.0187761 0.0363282 0.132123
0.000272 0.0185055 0.0336355 0.131811
0.000273 0.0182379 0.0309587 0.131451
0.000274 0.0179732 0.0282988 0.131043
0.000275 0.0177113 0.0256566 0.130587
0.000276 0.0174523 0.0230332 0.130084
0.000277 0.0171962 0.0204295 0.129533
0.000278 0.016943 0.0178465 0.128936
0.000279 0.0166926 0.0152851 0.128292
0.00028 0.016445 0.0127462 0.127603
0.000281 0.0162002 0.0102308 0.126868
0.000282 0.0159582 0.00773971 0.126088
0.000283 0.015719 0.00527395 0.125264
0.000284 0.0154825 0.00283437 0.124396
0.000285 0.0152488 0.000421867 0.123485
0.000286 0.0150177 -0.00196269 0.122531
0.000287 0.0147894 -0.00431843 0.121535
0.000288 0.0145638 -0.00664451 0.120498
0.000289 0.0143409 -0.00894007 0.119419
0.00029 0.0141206 -0.0112043 0.118301
0.000291 0.013903 -0.0134364 0.117143
0.000292 0.0136879 -0.0156355 0.115946
0.000293 0.0134755 -0.0178009 0.114711
0.000294 0.0132657 -0.0199319 0.113439
0.000295 0.0130584 -0.0220275 0.11213
0.000296 0.0128537 -0.0240872 0.110786
0.000297 0.0126515 -0.0261102 0.109406
0.000298 0.0124518 -0.0280958 0.107993
0.000299 0.0122546 -0.0300433 0.106546
0.0003 0.0120599 -0.031952 0.105067
0.000301 0.0118677 -0.0338214 0.103556
0.000302 0.0116779 -0.0356507 0.102014
0.000303 0.0114905 -0.0374395 0.100443
0.000304 0.0113055 -0.039187 0.0988426
0.000305 0.0111229 -0.0408928 0.0972145
0.000306 0.0109426 -0.0425563 0.0955594
0.000307 0.0107647 -0.0441769 0.0938782
0.000308 0.0105891 -0.0457543 0.0921721
0.000309 0.0104159 -0.0472878 0.0904419
0.00031 0.0102449 -0.0487772 0.0886886
0.000311 0.0100762 -0.0502218 0.0869133
0.000312 0.00990969 -0.0516214 0.0851171
0.000313 0.00974544 -0.0529756 0.0833008
0.000314 0.0095834 -0.054284 0.0814656
0.000315 0.00942355 -0.0555462 0.0796126
0.000316 0.00926587 -0.056762 0.0777428
0.000317 0.00911033 -0.0579312 0.0758572
0.000318 0.00895693 -0.0590534 0.073957
0.000319 0.00880564 -0.0601284 0.0720432
0.00032 0.00865644 -0.061156 0.0701169
0.000321 0.00850931 -0.0621361 0.0681792
0.000322 0.00836423 -0.0630685 0.0662313
0.000323 0.00822118 -0.0639531 0.0642742
0.000324 0.00808015 -0.0647898 0.0623091
0.000325 0.00794111 -0.0655786 0.060337
0.000326 0.00780404 -0.0663193 0.0583591
0.000327 0.00766892 -0.0670121 0.0563764
0.000328 0.00753575 -0.0676569 0.0543902
0.000329 0.00740448 -0.0682537 0.0524015
0.00033 0.00727511 -0.0688027 0.0504113
0.000331 0.00714762 -0.0693039 0.048421
0.000332 0.00702199 -0.0697575 0.0464314
0.000333 0.00689819 -0.0701636 0.0444438
0.000334 0.00677621 -0.0705225 0.0424593
0.000335 0.00665603 -0.0708342 0.0404789
0.000336 0.00653764 -0.0710992 0.0385038
0.000337 0.006421 -0.0713176 0.036535
0.000338 0.0063061 -0.0714897 0.0345736
0.000339 0.00619293 -0.0716158 0.0326206
0.00034 0.00608146 -0.0716964 0.0306772
0.000341 0.00597168 -0.0717317 0.0287444
0.000342 0.00586356 -0.0717223 0.0268232
0.000343 0.0057571 -0.0716684 0.0249146
0.000344 0.00565226 -0.0715706 0.0230197
0.000345 0.00554903 -0.0714293 0.0211395
0.000346 0.00544739 -0.0712451 0.019275
0.000347 0.00534733 -0.0710185 0.0174271
0.000348 0.00524883 -0.07075 0.0155969
0.000349 0.00515186 -0.0704402 0.0137852
0.00035 0.00505641 -0.0700898 0.011993
0.000351 0.00496246 -0.0696993 0.0102213
0.000352 0.00487 -0.0692694 0.00847084
0.000353 0.004779 -0.0688007 0.00674261
0.000354 0.00468945 -0.0682941 0.00503745
0.000355 0.00460134 -0.0677501 0.00335621
0.000356 0.00451463 -0.0671695 0.0016997
0.000357 0.00442932 -0.0665531 6.87376e-05
0.000358 0.00434539 -0.0659017 -0.0015359
0.000359 0.00426282 -0.065216 -0.00311344
0.00036 0.00418159 -0.0644969 -0.00466315
0.000361 0.00410169 -0.0637452 -0.00618431
0.000362 0.0040231 -0.0629617 -0.00767623
0.000363 0.00394581 -0.0621474 -0.00913824
0.000364 0.00386979 -0.0613031 -0.0105697
0.000365 0.00379503 -0.0604297 -0.0119699
0.000366 0.00372151 -0.0595281 -0.0133384
0.000367 0.00364923 -0.0585994 -0.0146745
0.000368 0.00357815 -0.0576443 -0.0159777
0.000369 0.00350827 -0.0566639 -0.0172475
0.00037 0.00343957 -0.0556591 -0.0184834
0.000371 0.00337203 -0.0546309 -0.0196849
0.000372 0.00330564 -0.0535803 -0.0208516
0.000373 0.00324039 -0.0525084 -0.0219831
0.000374 0.00317625 -0.0514161 -0.0230789
0.000375 0.00311321 -0.0503044 -0.0241388
0.000376 0.00305126 -0.0491743 -0.0251624
0.000377 0.00299038 -0.048027 -0.0261494
0.000378 0.00293056 -0.0468634 -0.0270995
0.000379 0.00287178 -0.0456846 -0.0280125
0.00038 0.00281403 -0.0444915 -0.0288882
0.000381 0.00275729 -0.0432854 -0.0297264
0.000382 0.00270155 -0.0420672 -0.030527
0.000383 0.00264679 -0.040838 -0.0312898
0.000384 0.002593 -0.0395988 -0.0320147
0.000385 0.00254017 -0.0383506 -0.0327017
0.000386 0.00248828 -0.0370947 -0.0333507
0.000387 0.00243732 -0.0358319 -0.0339617
0.000388 0.00238728 -0.0345633 -0.0345348
0.000389 0.00233813 -0.0332901 -0.03507
0.00039 0.00228988 -0.0320131 -0.0355674
0.000391 0.0022425 -0.0307336 -0.036027
0.000392 0.00219598 -0.0294524 -0.0364491
0.000393 0.00215031 -0.0281706 -0.0368338
0.000394 0.00210548 -0.0268893 -0.0371812
0.000395 0.00206147 -0.0256094 -0.0374917
0.000396 0.00201827 -0.0243319 -0.0377654
0.000397 0.00197587 -0.0230578 -0.0380027
0.000398 0.00193425 -0.0217882 -0.0382038
0.000399 0.00189342 -0.0205238 -0.0383691
0.0004 0.00185334 -0.0192658 -0.0384989
0.000401 0.00181401 -0.0180151 -0.0385936
0.000402 0.00177542 -0.0167724 -0.0386537
0.000403 0.00173756 -0.0155389 -0.0386795
0.000404 0.00170042 -0.0143153 -0.0386715
0.000405 0.00166398 -0.0131026 -0.0386303
0.000406 0.00162823 -0.0119016 -0.0385562
0.000407 0.00159316 -0.0107131 -0.0384499
0.000408 0.00155877 -0.00953795 -0.0383118
0.000409 0.00152503 -0.00837699 -0.0381426
0.00041 0.00149195 -0.00723098 -0.0379428
0.000411 0.0014595 -0.00610069 -0.0377131
0.000412 0.00142768 -0.00498685 -0.0374541
0.000413 0.00139648 -0.0038902 -0.0371665
0.000414 0.00136589 -0.00281142 -0.0368509
0.000415 0.0013359 -0.00175121 -0.0365079
0.000416 0.00130649 -0.000710202 -0.0361384
0.000417 0.00127766 0.00031096 -0.0357431
0.000418 0.0012494 0.00131167 -0.0353226
0.000419 0.0012217 0.00229135 -0.0348777
0.00042 0.00119455 0.00324944 -0.0344092
0.000421 0.00116794 0.00418541 -0.0339179
0.000422 0.00114186 0.00509874 -0.0334046
0.000423 0.00111631 0.00598897 -0.03287
0.000424 0.00109126 0.00685562 -0.0323151
0.000425 0.00106672 0.00769828 -0.0317405
0.000426 0.00104268 0.00851654 -0.0311472
0.000427 0.00101912 0.00931003 -0.0305359
0.000428 0.000996041 0.0100784 -0.0299076
0.000429 0.000973431 0.0108213 -0.0292631
0.00043 0.000951284 0.0115385 -0.0286033
0.000431 0.000929589 0.0122296 -0.0279289
0.000432 0.000908341 0.0128946 -0.027241
0.000433 0.00088753 0.013533 -0.0265403
0.000434 0.000867149 0.0141449 -0.0258277
0.000435 0.00084719 0.0147299 -0.0251042
0.000436 0.000827646 0.015288 -0.0243705
0.000437 0.000808508 0.015819 -0.0236277
0.000438 0.000789771 0.016323 -0.0228764
0.000439 0.000771426 0.0167998 -0.0221177
0.00044 0.000753466 0.0172494 -0.0213523
0.000441 0.000735885 0.0176719 -0.0205813
0.000442 0.000718674 0.0180673 -0.0198053
0.000443 0.000701829 0.0184355 -0.0190253
0.000444 0.000685341 0.0187768 -0.018242
0.000445 0.000669204 0.0190912 -0.0174565
0.000446 0.000653411 0.0193789 -0.0166695
0.000447 0.000637957 0.01964 -0.0158817
0.000448 0.000622834 0.0198747 -0.0150941
0.000449 0.000608037 0.0200832 -0.0143074
0.00045 0.00059356 0.0202658 -0.0135225
0.000451 0.000579395 0.0204227 -0.0127401
0.000452 0.000565538 0.0205542 -0.0119609
0.000453 0.000551982 0.0206606 -0.0111858
0.000454 0.000538722 0.0207422 -0.0104155
0.000455 0.000525752 0.0207994 -0.00965067
0.000456 0.000513067 0.0208326 -0.00889207
0.000457 0.00050066 0.0208421 -0.00814038
0.000458 0.000488527 0.0208284 -0.00739629
0.000459 0.000476662 0.0207918 -0.00666045
0.00046 0.00046506 0.0207329 -0.00593351
0.000461 0.000453716 0.0206521 -0.0052161
0.000462 0.000442624 0.0205498 -0.00450882
0.000463 0.00043178 0.0204266 -0.00381227
0.000464 0.000421179 0.020283 -0.00312701
0.000465 0.000410816 0.0201195 -0.00245359
0.000466 0.000400686 0.0199367 -0.00179254
0.000467 0.000390784 0.0197351 -0.00114436
0.000468 0.000381107 0.0195153 -0.000509547
0.000469 0.000371649 0.0192779 0.000111442
0.00047 0.000362406 0.0190234 0.000718165
0.000471 0.000353373 0.0187525 0.0013102
0.000472 0.000344547 0.0184658 0.00188715
0.000473 0.000335923 0.0181639 0.00244864
0.000474 0.000327498 0.0178475 0.00299432
0.000475 0.000319266 0.0175171 0.00352386
0.000476 0.000311224 0.0171734 0.00403696
0.000477 0.000303368 0.0168172 0.00453333
0.000478 0.000295695 0.0164489 0.00501271
0.000479 0.000288199 0.0160694 0.00547487
0.00048 0.000280879 0.0156792 0.0059196
0.000481 0.000273729 0.015279 0.00634671
0.000482 0.000266747 0.0148695 0.00675603
0.000483 0.000259929 0.0144514 0.00714743
0.000484 0.000253272 0.0140253 0.00752078
0.000485 0.000246771 0.0135919 0.00787599
0.000486 0.000240424 0.0131519 0.00821299
0.000487 0.000234228 0.0127058 0.00853172
0.000488 0.000228179 0.0122545 0.00883217
0.000489 0.000222274 0.0117984 0.00911433
0.00049 0.00021651 0.0113384 0.00937821
0.000491 0.000210884 0.010875 0.00962386
0.000492 0.000205393 0.0104089 0.00985133
0.000493 0.000200034 0.00994063 0.0100607
0.000494 0.000194804 0.00947093 0.0102521
0.000495 0.000189701 0.00900037 0.0104257
0.000496 0.000184721 0.00852957 0.0105815
0.000497 0.000179862 0.00805913 0.0107197
0.000498 0.000175122 0.00758962 0.0108406
0.000499 0.000170497 0.00712164 0.0109444
0.0005 0.000165985 0.00665573 0.0110311
0.000501 0.000161584 0.00619247 0.0111012
0.000502 0.00015729 0.00573239 0.0111548
0.000503 0.000153103 0.00527602 0.0111923
0.000504 0.000149019 0.00482387 0.0112138
0.000505 0.000145036 0.00437644 0.0112197
0.000506 0.000141151 0.00393423 0.0112104
0.000507 0.000137363 0.00349769 0.0111861
0.000508 0.00013367 0.0030673 0.0111473
0.000509 0.000130068 0.00264348 0.0110942
0.00051 0.000126557 0.00222666 0.0110272
0.000511 0.000123134 0.00181725 0.0109468
0.000512 0.000119797 0.00141564 0.0108532
0.000513 0.000116544 0.00102221 0.010747
0.000514 0.000113373 0.000637296 0.0106286
0.000515 0.000110282 0.000261252 0.0104983
0.000516 0.00010727 -0.000105605 0.0103566
0.000517 0.000104334 -0.000462973 0.0102039
0.000518 0.000101473 -0.000810567 0.0100407
0.000519 9.86852e-05 -0.00114812 0.00986747
0.00052 9.59686e-05 -0.00147539 0.00968462
0.000521 9.33217e-05 -0.00179215 0.00949262
0.000522 9.07428e-05 -0.00209818 0.00929196
0.000523 8.82303e-05 -0.00239329 0.00908309
0.000524 8.57828e-05 -0.00267731 0.0088665
0.000525 8.33985e-05 -0.00295008 0.00864265
0.000526 8.1076e-05 -0.00321148 0.00841204
0.000527 7.88139e-05 -0.00346138 0.00817513
0.000528 7.66107e-05 -0.00369967 0.00793241
0.000529 7.44651e-05 -0.00392629 0.00768435
0.00053 7.23755e-05 -0.00414117 0.00743143
0.000531 7.03407e-05 -0.00434426 0.00717413
0.000532 6.83594e-05 -0.00453553 0.00691291
0.000533 6.64302e-05 -0.00471498 0.00664824
0.000534 6.45519e-05 -0.00488261 0.0063806
0.000535 6.27233e-05 -0.00503845 0.00611043
0.000536 6.09431e-05 -0.00518253 0.00583819
0.000537 5.92102e-05 -0.00531492 0.00556434
0.000538 5.75235e-05 -0.00543568 0.00528931
0.000539 5.58817e-05 -0.00554491 0.00501355
0.00054 5.42837e-05 -0.0056427 0.00473747
0.000541 5.27286e-05 -0.00572918 0.00446151
0.000542 5.12152e-05 -0.00580448 0.00418607
0.000543 4.97425e-05 -0.00586875 0.00391156
0.000544 4.83095e-05 -0.00592214 0.00363836
0.000545 4.69152e-05 -0.00596484 0.00336688
0.000546 4.55586e-05 -0.00599702 0.00309747
0.000547 4.42388e-05 -0.00601889 0.00283051
0.000548 4.29549e-05 -0.00603065 0.00256634
0.000549 4.17059e-05 -0.00603253 0.00230532
0.00055 4.04911e-05 -0.00602476 0.00204776
0.000551 3.93094e-05 -0.00600758 0.00179398
0.000552 3.81601e-05 -0.00598124 0.0015443
0.000553 3.70424e-05 -0.00594601 0.001299
0.000554 3.59555e-05 -0.00590214 0.00105837
0.000555 3.48985e-05 -0.00584993 0.000822673
0.000556 3.38707e-05 -0.00578965 0.000592161
0.000557 3.28714e-05 -0.00572159 0.000367076
0.000558 3.18998e-05 -0.00564606 0.000147647
0.000559 3.09552e-05 -0.00556335 -6.59136e-05
0.00056 3.00369e-05 -0.00547377 -0.000273405
0.000561 2.91442e-05 -0.00537763 -0.000474641
0.000562 2.82766e-05 -0.00527526 -0.000669449
0.000563 2.74332e-05 -0.00516697 -0.000857672
0.000564 2.66135e-05 -0.00505308 -0.00103916
0.000565 2.58169e-05 -0.00493392 -0.00121379
0.000566 2.50427e-05 -0.00480982 -0.00138145
0.000567 2.42904e-05 -0.00468109 -0.00154202
0.000568 2.35594e-05 -0.00454808 -0.00169542
0.000569 2.28492e-05 -0.0044111 -0.00184157
0.00057 2.21591e-05 -0.00427049 -0.00198042
0.000571 2.14887e-05 -0.00412657 -0.00211191
0.000572 2.08374e-05 -0.00397966 -0.002236
0.000573 2.02047e-05 -0.00383009 -0.00235268
0.000574 1.95902e-05 -0.00367819 -0.00246194
0.000575 1.89933e-05 -0.00352425 -0.00256377
0.000576 1.84136e-05 -0.00336861 -0.0026582
0.000577 1.78505e-05 -0.00321156 -0.00274525
0.000578 1.73037e-05 -0.00305342 -0.00282496
0.000579 1.67728e-05 -0.00289448 -0.00289738
0.00058 1.62572e-05 -0.00273503 -0.00296257
0.000581 1.57566e-05 -0.00257538 -0.00302061
0.000582 1.52706e-05 -0.00241579 -0.00307157
0.000583 1.47988e-05 -0.00225655 -0.00311556
0.000584 1.43407e-05 -0.00209793 -0.00315268
0.000585 1.3896e-05 -0.00194018 -0.00318303
0.000586 1.34644e-05 -0.00178357 -0.00320675
0.000587 1.30455e-05 -0.00162834 -0.00322397
0.000588 1.26388e-05 -0.00147473 -0.00323481
0.000589 1.22442e-05 -0.00132297 -0.00323944
0.00059 1.18613e-05 -0.00117328 -0.00323801
0.000591 1.14897e-05 -0.00102589 -0.00323067
0.000592 1.11291e-05 -0.000880981 -0.0032176
0.000593 1.07792e-05 -0.000738763 -0.00319897
0.000594 1.04397e-05 -0.000599419 -0.00317497
0.000595 1.01104e-05 -0.000463126 -0.00314578
0.000596 9.79092e-06 -0.000330051 -0.00311159
0.000597 9.48101e-06 -0.000200352 -0.0030726
0.000598 9.18039e-06 -7.41765e-05 -0.00302901
0.000599 8.88881e-06 4.83381e-05 -0.00298102
0.0006 8.606e-06 0.000167064 -0.00292884
0.000601 8.33174e-06 0.000281882 -0.00287268
0.000602 8.06576e-06 0.000392685 -0.00281275
0.000603 7.80784e-06 0.000499375 -0.00274927
0.000604 7.55774e-06 0.000601863 -0.00268244
0.000605 7.31525e-06 0.000700071 -0.0026125
0.000606 7.08015e-06 0.000793932 -0.00253965
0.000607 6.85221e-06 0.000883385 -0.00246411
0.000608 6.63125e-06 0.000968382 -0.0023861
0.000609 6.41705e-06 0.00104888 -0.00230584
0.00061 6.20942e-06 0.00112486 -0.00222354
0.000611 6.00818e-06 0.00119629 -0.00213941
0.000612 5.81313e-06 0.00126316 -0.00205367
0.000613 5.6241e-06 0.00132547 -0.00196653
0.000614 5.44091e-06 0.00138323 -0.00187819
0.000615 5.2634e-06 0.00143644 -0.00178886
0.000616 5.09139e-06 0.00148514 -0.00169875
0.000617 4.92473e-06 0.00152935 -0.00160804
0.000618 4.76325e-06 0.00156912 -0.00151695
0.000619 4.60682e-06 0.00160448 -0.00142564
0.00062 4.45527e-06 0.0016355 -0.00133432
0.000621 4.30846e-06 0.00166223 -0.00124316
0.000622 4.16626e-06 0.00168475 -0.00115234
0.000623 4.02853e-06 0.00170312 -0.00106203
0.000624 3.89513e-06 0.00171743 -0.000972403
0.000625 3.76594e-06 0.00172776 -0.000883611
0.000626 3.64082e-06 0.00173422 -0.000795811
0.000627 3.51967e-06 0.00173689 -0.000709154
0.000628 3.40236e-06 0.00173587 -0.000623782
0.000629 3.28877e-06 0.00173129 -0.000539831
0.00063 3.1788e-06 0.00172324 -0.000457432
0.000631 3.07233e-06 0.00171185 -0.00037671
0.000632 2.96926e-06 0.00169723 -0.00029778
0.000633 2.86949e-06 0.00167951 -0.000220755
0.000634 2.77291e-06 0.00165882 -0.000145738
0.000635 2.67943e-06 0.00163528 -7.28253e-05
0.000636 2.58896e-06 0.00160902 -2.10818e-06
0.000637 2.5014e-06 0.00158019 6.63303e-05
0.000638 2.41667e-06 0.00154892 0.000132413
0.000639 2.33468e-06 0.00151533 0.000196072
0.00064 2.25534e-06 0.00147958 0.000257242
0.000641 2.17857e-06 0.0014418 0.00031587
0.000642 2.1043e-06 0.00140214 0.000371904
0.000643 2.03245e-06 0.00136072 0.000425303
0.000644 1.96294e-06 0.0013177 0.000476031
0.000645 1.8957e-06 0.00127321 0.000524058
0.000646 1.83066e-06 0.00122739 0.000569363
0.000647 1.76775e-06 0.00118038 0.000611929
0.000648 1.70691e-06 0.00113231 0.000651745
0.000649 1.64806e-06 0.00108333 0.000688808
0.00065 1.59116e-06 0.00103356 0.00072312
0.000651 1.53613e-06 0.000983147 0.000754689
0.000652 1.48293e-06 0.000932207 0.000783528
0.000653 1.43148e-06 0.000880873 0.000809657
0.000654 1.38174e-06 0.000829269 0.000833101
0.000655 1.33366e-06 0.000777517 0.000853888
0.000656 1.28717e-06 0.000725738 0.000872054
0.000657 1.24224e-06 0.000674045 0.000887638
0.000658 1.1988e-06 0.000622553 0.000900684
0.000659 1.15682e-06 0.000571369 0.000911241
0.00066 1.11625e-06 0.0005206 0.00091936
0.000661 1.07704e-06 0.000470346 0.0009251
0.000662 1.03914e-06 0.000420705 0.00092852
0.000663 1.00252e-06 0.00037177 0.000929683
0.000664 9.67143e-07 0.000323631 0.000928658
0.000665 9.32956e-07 0.000276373 0.000925513
0.000666 8.99927e-07 0.000230075 0.000920322
0.000667 8.68018e-07 0.000184815 0.00091316
0.000668 8.37193e-07 0.000140664 0.000904106
0.000669 8.07417e-07 9.76884e-05 0.000893238
0.00067 7.78656e-07 5.59514e-05 0.000880639
0.000671 7.50876e-07 1.55108e-05 0.000866392
0.000672 7.24046e-07 -2.35801e-05 0.000850582
0.000673 6.98135e-07 -6.12726e-05 0.000833295
0.000674 6.73113e-07 -9.75226e-05 0.000814618
0.000675 6.48951e-07 -0.000132291 0.000794638
0.000676 6.25621e-07 -0.000165542 0.000773445
0.000677 6.03094e-07 -0.000197246 0.000751125
0.000678 5.81346e-07 -0.000227377 0.000727768
0.000679 5.60351e-07 -0.000255913 0.000703462
0.00068 5.40082e-07 -0.000282838 0.000678296
0.000681 5.20517e-07 -0.000308138 0.000652356
0.000682 5.01632e-07 -0.000331805 0.00062573
0.000683 4.83405e-07 -0.000353834 0.000598504
0.000684 4.65813e-07 -0.000374225 0.000570762
0.000685 4.48836e-07 -0.000392982 0.000542588
0.000686 4.32453e-07 -0.000410111 0.000514064
0.000687 4.16645e-07 -0.000425624 0.000485271
0.000688 4.01391e-07 -0.000439536 0.000456288
0.000689 3.86673e-07 -0.000451863 0.000427192
0.00069 3.72474e-07 -0.000462627 0.000398057
0.000691 3.58775e-07 -0.000471854 0.000368957
0.000692 3.45561e-07 -0.000479569 0.000339962
0.000693 3.32814e-07 -0.000485804 0.000311141
0.000694 3.20519e-07 -0.000490591 0.000282559
0.000695 3.08661e-07 -0.000493967 0.000254279
0.000696 2.97224e-07 -0.000495968 0.000226362
0.000697 2.86195e-07 -0.000496635 0.000198867
0.000698 2.75559e-07 -0.000496011 0.000171847
0.000699 2.65303e-07 -0.00049414 0.000145355
0.0007 2.55414e-07 -0.000491068 0.000119442
0.000701 2.45879e-07 -0.000486842 9.41519e-05
0.000702 2.36687e-07 -0.000481511 6.95297e-05
0.000703 2.27826e-07 -0.000475126 4.56153e-05
0.000704 2.19283e-07 -0.000467739 2.24463e-05
0.000705 2.11049e-07 -0.000459401 5.70027e-08
0.000706 2.03112e-07 -0.000450166 -2.15212e-05
0.000707 1.95463e-07 -0.000440087 -4.226e-05
0.000708 1.8809e-07 -0.00042922 -6.2134e-05
0.000709 1.80986e-07 -0.000417618 -8.11209e-05
0.00071 1.74139e-07 -0.000405337 -9.92013e-05
0.000711 1.67542e-07 -0.000392432 -0.000116359
0.000712 1.61186e-07 -0.000378957 -0.00013258
0.000713 1.55062e-07 -0.000364967 -0.000147854
0.000714 1.49162e-07 -0.000350516 -0.000162173
0.000715 1.43478e-07 -0.000335658 -0.000175531
0.000716 1.38002e-07 -0.000320446 -0.000187927
0.000717 1.32728e-07 -0.000304933 -0.000199359
0.000718 1.27648e-07 -0.000289169 -0.000209832
0.000719 1.22756e-07 -0.000273206 -0.00021935
0.00072 1.18044e-07 -0.000257093 -0.000227919
0.000721 1.13506e-07 -0.000240878 -0.000235551
0.000722 1.09137e-07 -0.000224608 -0.000242257
0.000723 1.0493e-07 -0.000208329 -0.00024805
0.000724 1.00879e-07 -0.000192085 -0.000252946
0.000725 9.69785e-08 -0.00017592 -0.000256964
0.000726 9.32236e-08 -0.000159873 -0.000260123
0.000727 8.9609e-08 -0.000143985 -0.000262445
0.000728 8.61295e-08 -0.000128294 -0.000263951
0.000729 8.27803e-08 -0.000112835 -0.000264667
0.00073 7.95567e-08 -9.76431e-05 -0.000264618
0.000731 7.64542e-08 -8.27505e-05 -0.00026383
0.000732 7.34684e-08 -6.8188e-05 -0.000262333
0.000733 7.05951e-08 -5.39841e-05 -0.000260155
0.000734 6.78302e-08 -4.01656e-05 -0.000257327
0.000735 6.51699e-08 -2.67574e-05 -0.000253878
0.000736 6.26102e-08 -1.37825e-05 -0.00024984
0.000737 6.01476e-08 -1.26179e-06 -0.000245247
0.000738 5.77784e-08 1.07857e-05 -0.000240129
0.000739 5.54993e-08 2.23429e-05 -0.000234521
0.00074 5.33071e-08 3.33947e-05 -0.000228455
0.000741 5.11984e-08 4.39278e-05 -0.000221966
0.000742 4.91702e-08 5.39308e-05 -0.000215085
0.000743 4.72197e-08 6.33943e-05 -0.000207848
0.000744 4.53439e-08 7.23106e-05 -0.000200287
0.000745 4.354e-08 8.06739e-05 -0.000192436
0.000746 4.18055e-08 8.848e-05 -0.000184328
0.000747 4.01377e-08 9.57266e-05 -0.000175995
0.000748 3.85342e-08 0.000102413 -0.000167469
0.000749 3.69925e-08 0.00010854 -0.000158782
0.00075 3.55105e-08 0.00011411 -0.000149964
0.000751 3.40859e-08 0.000119128 -0.000141048
0.000752 3.27164e-08 0.000123598 -0.00013206
0.000753 3.14002e-08 0.000127528 -0.000123032
0.000754 3.01352e-08 0.000130925 -0.00011399
0.000755 2.89194e-08 0.0001338 -0.000104962
0.000756 2.7751e-08 0.000136162 -9.59734e-05
0.000757 2.66283e-08 0.000138024 -8.70496e-05
0.000758 2.55495e-08 0.000139398 -7.82146e-05
0.000759 2.45129e-08 0.000140299 -6.94913e-05
0.00076 2.3517e-08 0.000140741 -6.09017e-05
0.000761 2.25603e-08 0.000140739 -5.24663e-05
0.000762 2.16412e-08 0.000140311 -4.42048e-05
0.000763 2.07583e-08 0.000139472 -3.61354e-05
0.000764 1.99103e-08 0.000138242 -2.82753e-05
0.000765 1.90958e-08 0.000136637 -2.06404e-05
0.000766 1.83135e-08 0.000134678 -1.32454e-05
0.000767 1.75623e-08 0.000132382 -6.10381e-06
0.000768 1.68408e-08 0.00012977 7.72163e-07
0.000769 1.61481e-08 0.000126861 7.3715e-06
0.00077 1.54829e-08 0.000123676 1.36844e-05
0.000771 1.48443e-08 0.000120234 1.97023e-05
0.000772 1.42311e-08 0.000116555 2.54177e-05
0.000773 1.36425e-08 0.00011266 3.08245e-05
0.000774 1.30775e-08 0.00010857 3.59177e-05
0.000775 1.25351e-08 0.000104303 4.06932e-05
0.000776 1.20145e-08 9.98805e-05 4.51484e-05
0.000777 1.15148e-08 9.53214e-05 4.92814e-05
0.000778 1.10353e-08 9.06453e-05 5.30916e-05
0.000779 1.05751e-08 8.58712e-05 5.65795e-05
0.00078 1.01335e-08 8.10179e-05 5.97462e-05
0.000781 9.70976e-09 7.61035e-05 6.25941e-05
0.000782 9.30319e-09 7.11459e-05 6.51264e-05
0.000783 8.91312e-09 6.61625e-05 6.73472e-05
0.000784 8.53889e-09 6.11699e-05 6.92613e-05
0.000785 8.17989e-09 5.61843e-05 7.08746e-05
0.000786 7.83551e-09 5.12215e-05 7.21933e-05
0.000787 7.50519e-09 4.62962e-05 7.32247e-05
0.000788 7.18836e-09 4.14228e-05 7.39764e-05
0.000789 6.88449e-09 3.66149e-05 7.44569e-05
0.00079 6.59308e-09 3.18855e-05 7.46752e-05
0.000791 6.31362e-09 2.72468e-05 7.46407e-05
0.000792 6.04564e-09 2.27101e-05 7.43632e-05
0.000793 5.78869e-09 1.82863e-05 7.38533e-05
0.000794 5.54233e-09 1.39852e-05 7.31214e-05
0.000795 5.30613e-09 9.81619e-06 7.21788e-05
0.000796 5.0797e-09 5.78761e-06 7.10366e-05
0.000797 4.86263e-09 1.90716e-06 6.97065e-05
0.000798 4.65456e-09 -1.81824e-06 6.82001e-05
0.000799 4.45512e-09 -5.38241e-06 6.65293e-05
0.0008 4.26397e-09 -8.77996e-06 6.47062e-05
0.000801 4.08078e-09 -1.20062e-05 6.27426e-05
0.000802 3.90522e-09 -1.50573e-05 6.06506e-05
0.000803 3.73699e-09 -1.79299e-05 5.84423e-05
0.000804 3.57579e-09 -2.06216e-05 5.61297e-05
0.000805 3.42133e-09 -2.31305e-05 5.37244e-05
0.000806 3.27336e-09 -2.54555e-05 5.12384e-05
0.000807 3.13159e-09 -2.75962e-05 4.8683e-05
0.000808 2.99578e-09 -2.95527e-05 4.60697e-05
0.000809 2.86569e-09 -3.13256e-05 4.34096e-05
0.00081 2.74109e-09 -3.29165e-05 4.07136e-05
0.000811 2.62174e-09 -3.43271e-05 3.79921e-05
0.000812 2.50745e-09 -3.55598e-05 3.52554e-05
0.000813 2.39799e-09 -3.66177e-05 3.25136e-05
0.000814 2.29318e-09 -3.75042e-05 2.97761e-05
0.000815 2.19281e-09 -3.8223e-05 2.7052e-05
0.000816 2.09672e-09 -3.87786e-05 2.43503e-05
0.000817 2.00472e-09 -3.91756e-05 2.16793e-05
0.000818 1.91664e-09 -3.94189e-05 1.9047e-05
0.000819 1.83233e-09 -3.95141e-05 1.64608e-05
0.00082 1.75162e-09 -3.94668e-05 1.39279e-05
0.000821 1.67436e-09 -3.9283e-05 1.14548e-05
0.000822 1.60042e-09 -3.89687e-05 9.04785e-06
0.000823 1.52966e-09 -3.85305e-05 6.7126e-06
0.000824 1.46194e-09 -3.7975e-05 4.45433e-06
0.000825 1.39713e-09 -3.73088e-05 2.27781e-06
0.000826 1.33512e-09 -3.65388e-05 1.87328e-07
0.000827 1.27578e-09 -3.56721e-05 -1.81327e-06
0.000828 1.21901e-09 -3.47156e-05 -3.72063e-06
0.000829 1.1647e-09 -3.36764e-05 -5.53182e-06
0.00083 1.11274e-09 -3.25615e-05 -7.24439e-06
0.000831 1.06303e-09 -3.13782e-05 -8.85631e-06
0.000832 1.01548e-09 -3.01334e-05 -1.0366e-05
0.000833 9.69992e-10 -2.88341e-05 -1.17723e-05
0.000834 9.26488e-10 -2.74872e-05 -1.30745e-05
0.000835 8.84879e-10 -2.60995e-05 -1.42721e-05
0.000836 8.45084e-10 -2.46777e-05 -1.53653e-05
0.000837 8.07028e-10 -2.32284e-05 -1.63545e-05
0.000838 7.70635e-10 -2.17579e-05 -1.72403e-05
0.000839 7.35835e-10 -2.02724e-05 -1.8024e-05
0.00084 7.0256e-10 -1.8778e-05 -1.87068e-05
0.000841 6.70745e-10 -1.72805e-05 -1.92907e-05
0.000842 6.40328e-10 -1.57854e-05 -1.97775e-05
0.000843 6.11249e-10 -1.42981e-05 -2.01696e-05
0.000844 5.83451e-10 -1.28237e-05 -2.04696e-05
0.000845 5.56879e-10 -1.13672e-05 -2.06801e-05
0.000846 5.31481e-10 -9.93302e-06 -2.08042e-05
0.000847 5.07208e-10 -8.52562e-06 -2.08452e-05
0.000848 4.8401e-10 -7.14904e-06 -2.08063e-05
0.000849 4.61842e-10 -5.80708e-06 -2.06911e-05
0.00085 4.4066e-10 -4.50326e-06 -2.05032e-05
0.000851 4.20422e-10 -3.24079e-06 -2.02465e-05
0.000852 4.01088e-10 -2.02264e-06 -1.99248e-05
0.000853 3.82618e-10 -8.51463e-07 -1.95421e-05
0.000854 3.64976e-10 2.7035e-07 -1.91024e-05
0.000855 3.48127e-10 1.3407e-06 -1.86099e-05
0.000856 3.32036e-10 2.35776e-06 -1.80687e-05
0.000857 3.16671e-10 3.31997e-06 -1.74828e-05
0.000858 3.02e-10 4.22605e-06 -1.68565e-05
0.000859 2.87993e-10 5.07499e-06 -1.61938e-05
0.00086 2.74623e-10 5.86602e-06 -1.54988e-05
0.000861 2.6186e-10 6.59862e-06 -1.47756e-05
0.000862 2.49679e-10 7.27252e-06 -1.40282e-05
0.000863 2.38055e-10 7.88769e-06 -1.32604e-05
0.000864 2.26961e-10 8.44431e-06 -1.24762e-05
0.000865 2.16377e-10 8.94277e-06 -1.16792e-05
0.000866 2.06277e-10 9.3837e-06 -1.08731e-05
0.000867 1.96642e-10 9.76788e-06 -1.00613e-05
0.000868 1.87449e-10 1.00963e-05 -9.24737e-06
0.000869 1.7868e-10 1.03702e-05 -8.43446e-06
0.00087 1.70315e-10 1.05907e-05 -7.62573e-06
0.000871 1.62335e-10 1.07595e-05 -6.82413e-06
0.000872 1.54723e-10 1.0878e-05 -6.03251e-06
0.000873 1.47462e-10 1.09482e-05 -5.25353e-06
0.000874 1.40535e-10 1.09717e-05 -4.4897e-06
0.000875 1.33927e-10 1.09505e-05 -3.74335e-06
0.000876 1.27623e-10 1.08868e-05 -3.01668e-06
0.000877 1.21609e-10 1.07826e-05 -2.31169e-06
0.000878 1.15871e-10 1.06402e-05 -1.63023e-06
0.000879 1.10396e-10 1.04617e-05 -9.73952e-07
0.00088 1.05171e-10 1.02495e-05 -3.44368e-07
0.000881 1.00185e-10 1.0006e-05 2.57192e-07
0.000882 9.54273e-11 9.7334e-06 8.29564e-07
0.000883 9.08861e-11 9.43421e-06 1.37175e-06
0.000884 8.65516e-11 9.11077e-06 1.88292e-06
0.000885 8.24141e-11 8.76546e-06 2.36238e-06
0.000886 7.84647e-11 8.40063e-06 2.80964e-06
0.000887 7.46947e-11 8.01864e-06 3.2243e-06
0.000888 7.10959e-11 7.62178e-06 3.60616e-06
0.000889 6.76607e-11 7.21233e-06 3.95513e-06
0.00089 6.43818e-11 6.7925e-06 4.27127e-06
0.000891 6.12524e-11 6.36447e-06 4.55477e-06
0.000892 5.82661e-11 5.93034e-06 4.80594e-06
0.000893 5.54167e-11 5.49216e-06 5.02522e-06
0.000894 5.26986e-11 5.0519e-06 5.21315e-06
0.000895 5.01062e-11 4.61144e-06 5.37037e-06
0.000896 4.76346e-11 4.1726e-06 5.49763e-06
0.000897 4.52788e-11 3.73711e-06 5.59578e-06
0.000898 4.30343e-11 3.30661e-06 5.66574e-06
0.000899 4.08966e-11 2.88264e-06 5.7085e-06
0.0009 3.88615e-11 2.46666e-06 5.72513e-06
0.000901 3.69251e-11 2.06001e-06 5.71677e-06
0.000902 3.50836e-11 1.66397e-06 5.68461e-06
0.000903 3.3333e-11 1.27969e-06 5.62987e-06
0.000904 3.167e-11 9.08232e-07 5.55384e-06
0.000905 3.00909e-11 5.50556e-07 5.45782e-06
0.000906 2.85924e-11 2.07527e-07 5.34315e-06
0.000907 2.7171e-11 -1.20091e-07 5.2112e-06
0.000908 2.58235e-11 -4.31633e-07 5.06332e-06
0.000909 2.45467e-11 -7.26527e-07 4.9009e-06
0.00091 2.33373e-11 -1.0043e-06 4.72532e-06
0.000911 2.21922e-11 -1.26456e-06 4.53796e-06
0.000912 2.11082e-11 -1.50702e-06 4.34018e-06
0.000913 2.00824e-11 -1.73148e-06 4.13332e-06
0.000914 1.91115e-11 -1.9378e-06 3.91873e-06
0.000915 1.81926e-11 -2.12595e-06 3.6977e-06
0.000916 1.73228e-11 -2.29597e-06 3.4715e-06
0.000917 1.64991e-11 -2.44796e-06 3.24139e-06
0.000918 1.57186e-11 -2.58211e-06 3.00855e-06
0.000919 1.49787e-11 -2.69866e-06 2.77414e-06
0.00092 1.42765e-11 -2.79794e-06 2.53929e-06
0.000921 1.36094e-11 -2.88029e-06 2.30506e-06
0.000922 1.2975e-11 -2.94617e-06 2.07246e-06
0.000923 1.23708e-11 -2.99602e-06 1.84245e-06
0.000924 1.17945e-11 -3.03039e-06 1.61595e-06
0.000925 1.12441e-11 -3.04982e-06 1.3938e-06
0.000926 1.07174e-11 -3.05492e-06 1.1768e-06
0.000927 1.02127e-11 -3.04633e-06 9.65678e-07
0.000928 9.72815e-12 -3.02471e-06 7.61106e-07
0.000929 9.26229e-12 -2.99074e-06 5.63698e-07
0.00093 8.81372e-12 -2.94514e-06 3.74005e-07
0.000931 8.38123e-12 -2.88863e-06 1.92518e-07
0.000932 7.96376e-12 -2.82195e-06 1.96682e-08
0.000933 7.56044e-12 -2.74584e-06 -1.44175e-07
0.000934 7.17055e-12 -2.66108e-06 -2.987e-07
0.000935 6.79351e-12 -2.5684e-06 -4.43654e-07
0.000936 6.42891e-12 -2.46857e-06 -5.78839e-07
0.000937 6.07645e-12 -2.36234e-06 -7.04114e-07
0.000938 5.73598e-12 -2.25046e-06 -8.19392e-07
0.000939 5.40745e-12 -2.13366e-06 -9.24636e-07
0.00094 5.09091e-12 -2.01266e-06 -1.01986e-06
0.000941 4.78648e-12 -1.88817e-06 -1.10513e-06
0.000942 4.49437e-12 -1.76088e-06 -1.18054e-06
0.000943 4.2148e-12 -1.63145e-06 -1.24626e-06
0.000944 3.94806e-12 -1.50055e-06 -1.30246e-06
0.000945 3.69443e-12 -1.36879e-06 -1.34938e-06
0.000946 3.4542e-12 -1.23678e-06 -1.38729e-06
0.000947 3.22761e-12 -1.10509e-06 -1.41647e-06
0.000948 3.0149e-12 -9.74271e-07 -1.43725e-06
0.000949 2.81623e-12 -8.4484e-07 -1.44999e-06
0.00095 2.63172e-12 -7.1729e-07 -1.45506e-06
0.000951 2.46139e-12 -5.92081e-07 -1.45287e-06
0.000952 2.30519e-12 -4.69645e-07 -1.44382e-06
0.000953 2.16297e-12 -3.50383e-07 -1.42836e-06
0.000954 2.03448e-12 -2.34666e-07 -1.40691e-06
0.000955 1.91936e-12 -1.22832e-07 -1.37996e-06
0.000956 1.81717e-12 -1.51921e-08 -1.34794e-06
0.000957 1.72734e-12 8.79756e-08 -1.31133e-06
0.000958 1.6492e-12 1.86421e-07 -1.27061e-06
0.000959 1.58201e-12 2.79925e-07 -1.22624e-06
0.00096 1.52492e-12 3.68296e-07 -1.17868e-06
0.000961 1.47701e-12 4.5137e-07 -1.12839e-06
0.000962 1.43729e-12 5.29012e-07 -1.07584e-06
0.000963 1.40473e-12 6.01111e-07 -1.02147e-06
0.000964 1.37825e-12 6.67584e-07 -9.65703e-07
0.000965 1.35674e-12 7.2837e-07 -9.08964e-07
0.000966 1.33909e-12 7.83434e-07 -8.51658e-07
0.000967 1.3242e-12 8.32761e-07 -7.94172e-07
0.000968 1.31099e-12 8.76359e-07 -7.36875e-07
0.000969 1.29842e-12 9.14255e-07 -6.80117e-07
0.00097 1.28551e-12 9.46496e-07 -6.24227e-07
0.000971 1.27136e-12 9.73146e-07 -5.69511e-07
0.000972 1.25512e-12 9.94285e-07 -5.16254e-07
0.000973 1.23608e-12 1.01001e-06 -4.64714e-07
0.000974 1.21361e-12 1.02043e-06 -4.15128e-07
0.000975 1.18722e-12 1.02568e-06 -3.67705e-07
0.000976 1.15652e-12 1.02588e-06 -3.22631e-07
0.000977 1.12125e-12 1.02118e-06 -2.80065e-07
0.000978 1.08131e-12 1.01175e-06 -2.4014e-07
0.000979 1.0367e-12 9.97752e-07 -2.02963e-07
0.00098 9.87568e-13 9.79355e-07 -1.68616e-07
0.000981 9.34173e-13 9.56745e-07 -1.37155e-07
0.000982 8.76902e-13 9.30111e-07 -1.08611e-07
0.000983 8.16251e-13 8.99646e-07 -8.29919e-08
0.000984 7.52814e-13 8.65552e-07 -6.02788e-08
0.000985 6.8727e-13 8.28031e-07 -4.04314e-08
0.000986 6.20375e-13 7.87292e-07 -2.33866e-08
0.000987 5.52939e-13 7.43544e-07 -9.05998e-09
0.000988 4.85817e-13 6.97001e-07 2.65357e-09
0.000989 4.19888e-13 6.47879e-07 1.18783e-08
0.00099 3.56038e-13 5.96394e-07 1.87566e-08
0.000991 2.95144e-13 5.42765e-07 2.34477e-08
0.000992 2.38058e-13 4.87212e-07 2.61263e-08
0.000993 1.85589e-13 4.29955e-07 2.69812e-08
0.000994 1.38487e-13 3.71214e-07 2.62135e-08
0.000995 9.743e-14 3.11211e-07 2.40358e-08
0.000996 6.30106e-14 2.50167e-07 2.06697e-08
0.000997 3.57249e-14 1.88302e-07 1.63451e-08
0.000998 1.59632e-14 1.25839e-07 1.12978e-08
0.000999 4.00205e-15 6.29983e-08 5.7683e-09
