0 1 1 0
1e-06 0.9998 0.9999 0
2e-06 0.9992 0.9996 0
3e-06 0.998202 0.9991 0
4e-06 0.996805 0.998401 0
5e-06 0.995012 0.997503 0
6e-06 0.992826 0.996406 0
7e-06 0.990248 0.995112 0
8e-06 0.987282 0.99362 0
9e-06 0.983931 0.991933 0
1e-05 0.980199 0.99005 0
1.1e-05 0.97609 0.987973 0
1.2e-05 0.971611 0.985703 0
1.3e-05 0.966765 0.983242 0
1.4e-05 0.961558 0.980591 0
1.5e-05 0.955997 0.977751 0
1.6e-05 0.950089 0.974725 0
1.7e-05 0.943839 0.971514 0
1.8e-05 0.937255 0.968119 0
1.9e-05 0.930345 0.964544 0
2e-05 0.923116 0.960789 0
2.1e-05 0.915578 0.956858 0
2.2e-05 0.907738 0.952753 0
2.3e-05 0.899605 0.948475 0
2.4e-05 0.891188 0.944027 0
2.5e-05 0.882497 0.939413 0
2.6e-05 0.873541 0.934634 0
2.7e-05 0.864331 0.929694 0
2.8e-05 0.854875 0.924595 0
2.9e-05 0.845185 0.919339 0
3e-05 0.83527 0.913931 0
3.1e-05 0.825142 0.908373 0
3.2e-05 0.81481 0.902668 0
3.3e-05 0.804286 0.89682 0
3.4e-05 0.793581 0.890831 0
3.5e-05 0.782705 0.884706 0
3.6e-05 0.771669 0.878447 0
3.7e-05 0.760484 0.872057 0
3.8e-05 0.749162 0.865541 0
3.9e-05 0.737713 0.858902 0
4e-05 0.726149 0.852144 0
4.1e-05 0.71448 0.845269 0
4.2e-05 0.702718 0.838283 0
4.3e-05 0.690872 0.831187 0
4.4e-05 0.678955 0.823987 0
4.5e-05 0.666977 0.816686 0
4.6e-05 0.654948 0.809288 0
4.7e-05 0.642878 0.801797 0
4.8e-05 0.630779 0.794216 0
4.9e-05 0.61866 0.786549 0
5e-05 0.606531 0.778801 0
5.1e-05 0.594402 0.770974 0
5.2e-05 0.582282 0.763074 0
5.3e-05 0.570182 0.755104 0
5.4e-05 0.55811 0.747067 0
5.5e-05 0.546074 0.738968 0
5.6e-05 0.534085 0.730811 0
5.7e-05 0.52215 0.7226 0
5.8e-05 0.510278 0.714337 0
5.9e-05 0.498476 0.706028 0
6e-05 0.486752 0.697676 0
6.1e-05 0.475114 0.689285 0
6.2e-05 0.463569 0.680859 0
6.3e-05 0.452123 0.672401 0
6.4e-05 0.440784 0.663916 0
6.5e-05 0.429557 0.655406 0
6.6e-05 0.418449 0.646876 0
6.7e-05 0.407465 0.63833 0
6.8e-05 0.396611 0.62977 0
6.9e-05 0.385891 0.621201 0
7e-05 0.375311 0.612626 0
7.1e-05 0.364875 0.604049 0
7.2e-05 0.354588 0.595473 0
7.3e-05 0.344452 0.5869 0
7.4e-05 0.334473 0.578336 0
7.5e-05 0.324652 0.569783 0
7.6e-05 0.314995 0.561244 0
7.7e-05 0.305502 0.552722 0
7.8e-05 0.296176 0.544221 0
7.9e-05 0.287021 0.535743 0
8e-05 0.278037 0.527292 0
8.1e-05 0.269227 0.518871 0
8.2e-05 0.260592 0.510482 0
8.3e-05 0.252133 0.502128 0
8.4e-05 0.24385 0.493812 0
8.5e-05 0.235746 0.485537 0
8.6e-05 0.22782 0.477305 0
8.7e-05 0.220072 0.469118 0
8.8e-05 0.212503 0.46098 0
8.9e-05 0.205112 0.452893 0
9e-05 0.197899 0.444858 0
9.1e-05 0.190863 0.436879 0
9.2e-05 0.184004 0.428956 0
9.3e-05 0.17732 0.421094 0
9.4e-05 0.170811 0.413292 0
9.5e-05 0.164474 0.405555 0
9.6e-05 0.15831 0.397882 0
9.7e-05 0.152316 0.390276 0
9.8e-05 0.14649 0.38274 0
9.9e-05 0.14083 0.375274 0
0.0001 0.135335 0.367879 0
0.000101 0.130003 0.360559 0
0.000102 0.12483 0.353313 0
0.000103 0.119816 0.346144 0
0.000104 0.114957 0.339053 0
0.000105 0.110251 0.33204 0
0.000106 0.105695 0.325107 0
0.000107 0.101287 0.318256 0
0.000108 0.0970237 0.311486 0
0.000109 0.0929029 0.3048 0
0.00011 0.0889216 0.298197 0
0.000111 0.0850769 0.291679 0
0.000112 0.0813658 0.285247 0
0.000113 0.0777855 0.278901 0
0.000114 0.074333 0.272641 0
0.000115 0.0710054 0.266468 0
0.000116 0.0677995 0.260383 0
0.000117 0.0647126 0.254387 0
0.000118 0.0617414 0.248478 0
0.000119 0.0588832 0.242659 0
0.00012 0.0561348 0.236928 0
0.000121 0.0534932 0.231286 0
0.000122 0.0509556 0.225734 0
0.000123 0.048519 0.22027 0
0.000124 0.0461804 0.214896 0
0.000125 0.0439369 0.209611 0
0.000126 0.0417857 0.204416 0
0.000127 0.039724 0.199309 0
0.000128 0.0377489 0.194291 0
0.000129 0.0358576 0.189361 0
0.00013 0.0340475 0.18452 0
0.000131 0.0323158 0.179766 0
0.000132 0.0306599 0.1751 0
0.000133 0.0290772 0.17052 0
0.000134 0.0275652 0.166028 0
0.000135 0.0261214 0.161621 0
0.000136 0.0247433 0.1573 0
0.000137 0.0234285 0.153064 0
0.000138 0.0221748 0.148912 0
0.000139 0.0209797 0.144844 0
0.00014 0.0198411 0.140858 0
0.000141 0.0187568 0.136955 0
0.000142 0.0177246 0.133134 0
0.000143 0.0167426 0.129393 0
0.000144 0.0158086 0.125732 0
0.000145 0.0149208 0.122151 0
0.000146 0.0140772 0.118647 0
0.000147 0.013276 0.115221 0
0.000148 0.0125153 0.111872 0
0.000149 0.0117936 0.108598 0
0.00015 0.011109 0.105399 0
0.000151 0.01046 0.102274 0
0.000152 0.00984492 0.0992216 0
0.000153 0.00926233 0.096241 0
0.000154 0.00871073 0.0933313 0
0.000155 0.0081887 0.0904914 0
0.000156 0.00769488 0.0877205 0
0.000157 0.00722795 0.0850173 0
0.000158 0.00678664 0.082381 0
0.000159 0.00636972 0.0798105 0
0.00016 0.00597602 0.0773047 0
0.000161 0.00560442 0.0748627 0
0.000162 0.00525382 0.0724832 0
0.000163 0.00492318 0.0701654 0
0.000164 0.00461151 0.0679081 0
0.000165 0.00431784 0.0657103 0
0.000166 0.00404125 0.0635709 0
0.000167 0.00378087 0.0614888 0
0.000168 0.00353586 0.0594631 0
0.000169 0.00330539 0.0574925 0
0.00017 0.00308872 0.0555762 0
0.000171 0.00288509 0.053713 0
0.000172 0.00269381 0.0519019 0
0.000173 0.0025142 0.0501418 0
0.000174 0.00234563 0.0484317 0
0.000175 0.00218749 0.0467706 0
0.000176 0.0020392 0.0451575 0
0.000177 0.00190019 0.0435912 0
0.000178 0.00176996 0.0420709 0
0.000179 0.00164799 0.0405954 0
0.00018 0.00153381 0.0391639 0
0.000181 0.00142697 0.0377753 0
0.000182 0.00132705 0.0364286 0
0.000183 0.00123362 0.035123 0
0.000184 0.00114632 0.0338573 0
0.000185 0.00106477 0.0326308 0
0.000186 0.000988621 0.0314423 0
0.000187 0.000917553 0.0302911 0
0.000188 0.000851254 0.0291763 0
0.000189 0.00078943 0.0280968 0
0.00019 0.000731802 0.0270518 0
0.000191 0.000678111 0.0260406 0
0.000192 0.000628107 0.0250621 0
0.000193 0.000581558 0.0241155 0
0.000194 0.000538243 0.0232001 0
0.000195 0.000497955 0.0223149 0
0.000196 0.000460499 0.0214592 0
0.000197 0.00042569 0.0206322 0
0.000198 0.000393354 0.0198332 0
0.000199 0.00036333 0.0190612 0
0.0002 0.000335463 0.0183156 0
0.000201 0.000309609 0.0175957 0
0.000202 0.000285634 0.0169007 0
0.000203 0.00026341 0.0162299 0
0.000204 0.000242818 0.0155826 0
0.000205 0.000223746 0.0149581 0
0.000206 0.00020609 0.0143558 0
0.000207 0.000189751 0.013775 0
0.000208 0.000174637 0.013215 0
0.000209 0.000160663 0.0126753 0
0.00021 0.000147748 0.0121552 0
0.000211 0.000135817 0.0116541 0
0.000212 0.0001248 0.0111714 0
0.000213 0.00011463 0.0107065 0
0.000214 0.000105247 0.010259 0
0.000215 9.65934e-05 0.00982819 0
0.000216 8.86158e-05 0.0094136 0
0.000217 8.12646e-05 0.00901469 0
0.000218 7.44934e-05 0.00863096 0
0.000219 6.82591e-05 0.00826191 0
0.00022 6.25215e-05 0.00790705 0
0.000221 5.72433e-05 0.00756593 0
0.000222 5.23897e-05 0.00723807 0
0.000223 4.79285e-05 0.00692304 0
0.000224 4.38297e-05 0.0066204 0
0.000225 4.00653e-05 0.00632972 0
0.000226 3.66096e-05 0.00605059 0
0.000227 3.34386e-05 0.00578261 0
0.000228 3.053e-05 0.0055254 0
0.000229 2.78633e-05 0.00527857 0
0.00023 2.54193e-05 0.00504176 0
0.000231 2.31805e-05 0.00481461 0
0.000232 2.11304e-05 0.00459678 0
0.000233 1.92538e-05 0.00438792 0
0.000234 1.7537e-05 0.00418772 0
0.000235 1.59668e-05 0.00399585 0
0.000236 1.45314e-05 0.003812 0
0.000237 1.32197e-05 0.00363589 0
0.000238 1.20217e-05 0.00346723 0
0.000239 1.09278e-05 0.00330572 0
0.00024 9.9295e-06 0.00315111 0
0.000241 9.01879e-06 0.00300313 0
0.000242 8.18833e-06 0.00286153 0
0.000243 7.43137e-06 0.00272605 0
0.000244 6.74169e-06 0.00259648 0
0.000245 6.11357e-06 0.00247256 0
0.000246 5.54175e-06 0.00235409 0
0.000247 5.02141e-06 0.00224085 0
0.000248 4.5481e-06 0.00213263 0
0.000249 4.11777e-06 0.00202923 0
0.00025 3.72665e-06 0.00193045 0
0.000251 3.37134e-06 0.00183612 0
0.000252 3.04869e-06 0.00174605 0
0.000253 2.75581e-06 0.00166006 0
0.000254 2.49007e-06 0.001578 0
0.000255 2.24906e-06 0.00149969 0
0.000256 2.03056e-06 0.00142498 0
0.000257 1.83255e-06 0.00135372 0
0.000258 1.6532e-06 0.00128577 0
0.000259 1.4908e-06 0.00122098 0
0.00026 1.34381e-06 0.00115923 0
0.000261 1.21084e-06 0.00110038 0
0.000262 1.09058e-06 0.00104431 0
0.000263 9.81877e-07 0.000990897 0
0.000264 8.83654e-07 0.000940029 0
0.000265 7.94939e-07 0.000891594 0
0.000266 7.14845e-07 0.000845485 0
0.000267 6.42564e-07 0.000801601 0
0.000268 5.7736e-07 0.000759842 0
0.000269 5.18565e-07 0.000720115 0
0.00027 4.65572e-07 0.000682328 0
0.000271 4.17826e-07 0.000646395 0
0.000272 3.74827e-07 0.000612232 0
0.000273 3.36119e-07 0.000579758 0
0.000274 3.01288e-07 0.000548897 0
0.000275 2.69958e-07 0.000519575 0
0.000276 2.41789e-07 0.000491721 0
0.000277 2.16473e-07 0.000465267 0
0.000278 1.9373e-07 0.000440148 0
0.000279 1.73307e-07 0.000416302 0
0.00028 1.54975e-07 0.000393669 0
0.000281 1.38527e-07 0.000372192 0
0.000282 1.23775e-07 0.000351817 0
0.000283 1.1055e-07 0.00033249 0
0.000284 9.86981e-08 0.000314163 0
0.000285 8.80818e-08 0.000296786 0
0.000286 7.8576e-08 0.000280314 0
0.000287 7.0068e-08 0.000264704 0
0.000288 6.24562e-08 0.000249912 0
0.000289 5.56491e-08 0.000235901 0
0.00029 4.95641e-08 0.00022263 0
0.000291 4.41267e-08 0.000210064 0
0.000292 3.92702e-08 0.000198167 0
0.000293 3.49342e-08 0.000186907 0
0.000294 3.10645e-08 0.000176251 0
0.000295 2.76124e-08 0.00016617 0
0.000296 2.45341e-08 0.000156634 0
0.000297 2.17903e-08 0.000147615 0
0.000298 1.93456e-08 0.000139089 0
0.000299 1.71683e-08 0.000131028 0
0.0003 1.523e-08 0.00012341 0
0.000301 1.35051e-08 0.000116211 0
0.000302 1.19707e-08 0.000109411 0
0.000303 1.06065e-08 0.000102988 0
0.000304 9.39395e-09 9.69224e-05 0
0.000305 8.3167e-09 9.1196e-05 0
0.000306 7.36004e-09 8.57907e-05 0
0.000307 6.51082e-09 8.06897e-05 0
0.000308 5.75728e-09 7.58768e-05 0
0.000309 5.08892e-09 7.13367e-05 0
0.00031 4.49635e-09 6.70548e-05 0
0.000311 3.97119e-09 6.30174e-05 0
0.000312 3.50597e-09 5.92112e-05 0
0.000313 3.094e-09 5.56238e-05 0
0.000314 2.72936e-09 5.22432e-05 0
0.000315 2.40672e-09 4.90584e-05 0
0.000316 2.12138e-09 4.60584e-05 0
0.000317 1.86912e-09 4.32333e-05 0
0.000318 1.64619e-09 4.05733e-05 0
0.000319 1.44928e-09 3.80694e-05 0
0.00032 1.27541e-09 3.57128e-05 0
0.000321 1.12195e-09 3.34955e-05 0
0.000322 9.86557e-10 3.14095e-05 0
0.000323 8.67158e-10 2.94475e-05 0
0.000324 7.61904e-10 2.76026e-05 0
0.000325 6.69159e-10 2.58681e-05 0
0.000326 5.87468e-10 2.42377e-05 0
0.000327 5.15543e-10 2.27056e-05 0
0.000328 4.52244e-10 2.1266e-05 0
0.000329 3.96558e-10 1.99138e-05 0
0.00033 3.47589e-10 1.86437e-05 0
0.000331 3.04546e-10 1.74512e-05 0
0.000332 2.66726e-10 1.63317e-05 0
0.000333 2.33509e-10 1.5281e-05 0
0.000334 2.04347e-10 1.4295e-05 0
0.000335 1.78756e-10 1.337e-05 0
0.000336 1.56307e-10 1.25023e-05 0
0.000337 1.36622e-10 1.16886e-05 0
0.000338 1.19369e-10 1.09256e-05 0
0.000339 1.04253e-10 1.02104e-05 0
0.00034 9.10147e-11 9.54016e-06 0
0.000341 7.94256e-11 8.91211e-06 0
0.000342 6.92845e-11 8.32373e-06 0
0.000343 6.0414e-11 7.77265e-06 0
0.000344 5.26582e-11 7.25659e-06 0
0.000345 4.58796e-11 6.77345e-06 0
0.000346 3.99577e-11 6.32121e-06 0
0.000347 3.47862e-11 5.89798e-06 0
0.000348 3.02719e-11 5.50199e-06 0
0.000349 2.6333e-11 5.13156e-06 0
0.00035 2.28973e-11 4.78512e-06 0
0.000351 1.9902e-11 4.46117e-06 0
0.000352 1.72916e-11 4.15832e-06 0
0.000353 1.50176e-11 3.87525e-06 0
0.000354 1.30374e-11 3.61073e-06 0
0.000355 1.13138e-11 3.3636e-06 0
0.000356 9.81411e-12 3.13275e-06 0
0.000357 8.50982e-12 2.91716e-06 0
0.000358 7.37592e-12 2.71587e-06 0
0.000359 6.39055e-12 2.52795e-06 0
0.00036 5.53461e-12 2.35258e-06 0
0.000361 4.79139e-12 2.18893e-06 0
0.000362 4.14632e-12 2.03625e-06 0
0.000363 3.58666e-12 1.89385e-06 0
0.000364 3.1013e-12 1.76105e-06 0
0.000365 2.68055e-12 1.63724e-06 0
0.000366 2.31595e-12 1.52183e-06 0
0.000367 2.00015e-12 1.41427e-06 0
0.000368 1.72672e-12 1.31405e-06 0
0.000369 1.49007e-12 1.22068e-06 0
0.00037 1.28534e-12 1.13373e-06 0
0.000371 1.10829e-12 1.05276e-06 0
0.000372 9.55253e-13 9.77371e-07 0
0.000373 8.23017e-13 9.07203e-07 0
0.000374 7.08802e-13 8.41904e-07 0
0.000375 6.10194e-13 7.81149e-07 0
0.000376 5.25094e-13 7.24633e-07 0
0.000377 4.51681e-13 6.72072e-07 0
0.000378 3.88377e-13 6.23199e-07 0
0.000379 3.33811e-13 5.77764e-07 0
0.00038 2.86798e-13 5.35535e-07 0
0.000381 2.46306e-13 4.96293e-07 0
0.000382 2.11447e-13 4.59834e-07 0
0.000383 1.81449e-13 4.25969e-07 0
0.000384 1.55645e-13 3.94518e-07 0
0.000385 1.33457e-13 3.65317e-07 0
0.000386 1.14386e-13 3.3821e-07 0
0.000387 9.80009e-14 3.13051e-07 0
0.000388 8.39294e-14 2.89706e-07 0
0.000389 7.18497e-14 2.68048e-07 0
0.00039 6.1484e-14 2.4796e-07 0
0.000391 5.25927e-14 2.29331e-07 0
0.000392 4.49691e-14 2.12059e-07 0
0.000393 3.84353e-14 1.96049e-07 0
0.000394 3.28377e-14 1.81212e-07 0
0.000395 2.8044e-14 1.67464e-07 0
0.000396 2.39406e-14 1.54728e-07 0
0.000397 2.04294e-14 1.42932e-07 0
0.000398 1.74262e-14 1.32008e-07 0
0.000399 1.48586e-14 1.21896e-07 0
0.0004 1.26642e-14 1.12535e-07 0
0.000401 1.07895e-14 1.03873e-07 0
0.000402 9.18872e-15 9.58578e-08 0
0.000403 7.82228e-15 8.84437e-08 0
0.000404 6.65638e-15 8.15867e-08 0
0.000405 5.662e-15 7.52462e-08 0
0.000406 4.81423e-15 6.93847e-08 0
0.000407 4.09176e-15 6.39669e-08 0
0.000408 3.47633e-15 5.89604e-08 0
0.000409 2.95228e-15 5.43349e-08 0
0.00041 2.50622e-15 5.00622e-08 0
0.000411 2.12671e-15 4.61163e-08 0
0.000412 1.80395e-15 4.24729e-08 0
0.000413 1.52955e-15 3.91095e-08 0
0.000414 1.29638e-15 3.60053e-08 0
0.000415 1.09831e-15 3.31408e-08 0
0.000416 9.30137e-16 3.04981e-08 0
0.000417 7.87396e-16 2.80606e-08 0
0.000418 6.66294e-16 2.58127e-08 0
0.000419 5.63593e-16 2.37401e-08 0
0.00042 4.7653e-16 2.18296e-08 0
0.000421 4.02756e-16 2.00688e-08 0
0.000422 3.40267e-16 1.84463e-08 0
0.000423 2.87359e-16 1.69517e-08 0
0.000424 2.4258e-16 1.5575e-08 0
0.000425 2.04697e-16 1.43072e-08 0
0.000426 1.72661e-16 1.31401e-08 0
0.000427 1.45581e-16 1.20657e-08 0
0.000428 1.22699e-16 1.10769e-08 0
0.000429 1.03372e-16 1.01672e-08 0
0.00043 8.70543e-17 9.33029e-09 0
0.000431 7.32832e-17 8.56056e-09 0
0.000432 6.16659e-17 7.85277e-09 0
0.000433 5.18695e-17 7.20205e-09 0
0.000434 4.3612e-17 6.60394e-09 0
0.000435 3.66543e-17 6.05428e-09 0
0.000436 3.07944e-17 5.54927e-09 0
0.000437 2.58609e-17 5.08536e-09 0
0.000438 2.17091e-17 4.6593e-09 0
0.000439 1.82166e-17 4.26809e-09 0
0.00044 1.52798e-17 3.90894e-09 0
0.000441 1.28114e-17 3.57929e-09 0
0.000442 1.07374e-17 3.2768e-09 0
0.000443 8.99556e-18 2.99926e-09 0
0.000444 7.53329e-18 2.74468e-09 0
0.000445 6.30619e-18 2.51121e-09 0
0.000446 5.27686e-18 2.29714e-09 0
0.000447 4.41378e-18 2.1009e-09 0
0.000448 3.69039e-18 1.92104e-09 0
0.000449 3.08432e-18 1.75622e-09 0
0.00045 2.57676e-18 1.60523e-09 0
0.000451 2.15186e-18 1.46692e-09 0
0.000452 1.7963e-18 1.34026e-09 0
0.000453 1.4989e-18 1.2243e-09 0
0.000454 1.25024e-18 1.11814e-09 0
0.000455 1.04241e-18 1.02098e-09 0
0.000456 8.68777e-19 9.32082e-10 0
0.000457 7.2378e-19 8.50752e-10 0
0.000458 6.02741e-19 7.76364e-10 0
0.000459 5.01742e-19 7.08338e-10 0
0.00046 4.17501e-19 6.46143e-10 0
0.000461 3.47265e-19 5.89292e-10 0
0.000462 2.88729e-19 5.37335e-10 0
0.000463 2.39964e-19 4.89861e-10 0
0.000464 1.99355e-19 4.46492e-10 0
0.000465 1.65552e-19 4.06881e-10 0
0.000466 1.37426e-19 3.7071e-10 0
0.000467 1.14033e-19 3.37688e-10 0
0.000468 9.45839e-20 3.07545e-10 0
0.000469 7.84206e-20 2.80037e-10 0
0.00047 6.49935e-20 2.54938e-10 0
0.000471 5.38438e-20 2.32043e-10 0
0.000472 4.4589e-20 2.11161e-10 0
0.000473 3.69102e-20 1.9212e-10 0
0.000474 3.05415e-20 1.74761e-10 0
0.000475 2.52616e-20 1.58939e-10 0
0.000476 2.08862e-20 1.4452e-10 0
0.000477 1.72616e-20 1.31384e-10 0
0.000478 1.42604e-20 1.19417e-10 0
0.000479 1.17763e-20 1.08519e-10 0
0.00048 9.72099e-21 9.85951e-11 0
0.000481 8.02119e-21 8.95611e-11 0
0.000482 6.61597e-21 8.13386e-11 0
0.000483 5.45475e-21 7.38563e-11 0
0.000484 4.49555e-21 6.70488e-11 0
0.000485 3.70353e-21 6.08567e-11 0
0.000486 3.04983e-21 5.52253e-11 0
0.000487 2.51051e-21 5.0105e-11 0
0.000488 2.06574e-21 4.54504e-11 0
0.000489 1.69908e-21 4.12199e-11 0
0.00049 1.39694e-21 3.73757e-11 0
0.000491 1.14808e-21 3.38833e-11 0
0.000492 9.43166e-22 3.0711e-11 0
0.000493 7.74519e-22 2.78302e-11 0
0.000494 6.35773e-22 2.52145e-11 0
0.000495 5.21674e-22 2.28402e-11 0
0.000496 4.2788e-22 2.06853e-11 0
0.000497 3.50809e-22 1.87299e-11 0
0.000498 2.87506e-22 1.6956e-11 0
0.000499 2.35531e-22 1.5347e-11 0
0.0005 1.92875e-22 1.38879e-11 0
0.000501 1.57881e-22 1.25651e-11 0
0.000502 1.29185e-22 1.13659e-11 0
0.000503 1.05662e-22 1.02792e-11 0
0.000504 8.63874e-23 9.29448e-12 0
0.000505 7.06009e-23 8.40243e-12 0
0.000506 5.76761e-23 7.59448e-12 0
0.000507 4.70986e-23 6.86284e-12 0
0.000508 3.84455e-23 6.20045e-12 0
0.000509 3.13697e-23 5.60087e-12 0
0.00051 2.55859e-23 5.05825e-12 0
0.000511 2.08602e-23 4.56729e-12 0
0.000512 1.70005e-23 4.12317e-12 0
0.000513 1.38494e-23 3.72148e-12 0
0.000514 1.12779e-23 3.35825e-12 0
0.000515 9.18014e-24 3.02987e-12 0
0.000516 7.46961e-24 2.73306e-12 0
0.000517 6.07537e-24 2.46483e-12 0
0.000518 4.93939e-24 2.22247e-12 0
0.000519 4.01422e-24 2.00355e-12 0
0.00052 3.26103e-24 1.80583e-12 0
0.000521 2.6481e-24 1.6273e-12 0
0.000522 2.14951e-24 1.46612e-12 0
0.000523 1.74411e-24 1.32065e-12 0
0.000524 1.41459e-24 1.18937e-12 0
0.000525 1.14688e-24 1.07092e-12 0
0.000526 9.29454e-25 9.64082e-13 0
0.000527 7.52949e-25 8.67726e-13 0
0.000528 6.09719e-25 7.80845e-13 0
0.000529 4.93537e-25 7.02522e-13 0
0.00053 3.99334e-25 6.31929e-13 0
0.000531 3.22982e-25 5.68315e-13 0
0.000532 2.61125e-25 5.11003e-13 0
0.000533 2.11029e-25 4.59379e-13 0
0.000534 1.70477e-25 4.12888e-13 0
0.000535 1.37661e-25 3.71028e-13 0
0.000536 1.11119e-25 3.33344e-13 0
0.000537 8.96576e-26 2.99429e-13 0
0.000538 7.23125e-26 2.6891e-13 0
0.000539 5.82997e-26 2.41453e-13 0
0.00054 4.69835e-26 2.16757e-13 0
0.000541 3.78487e-26 1.94548e-13 0
0.000542 3.04778e-26 1.74579e-13 0
0.000543 2.45325e-26 1.56628e-13 0
0.000544 1.9739e-26 1.40496e-13 0
0.000545 1.58758e-26 1.25999e-13 0
0.000546 1.27636e-26 1.12976e-13 0
0.000547 1.02574e-26 1.01279e-13 0
0.000548 8.23998e-27 9.07743e-14 0
0.000549 6.6167e-27 8.13431e-14 0
0.00055 5.31109e-27 7.28772e-14 0
0.000551 4.2614e-27 6.52794e-14 0
0.000552 3.4178e-27 5.8462e-14 0
0.000553 2.74011e-27 5.2346e-14 0
0.000554 2.19591e-27 4.68606e-14 0
0.000555 1.75909e-27 4.19415e-14 0
0.000556 1.4086e-27 3.75313e-14 0
0.000557 1.12749e-27 3.35782e-14 0
0.000558 9.02125e-28 3.00354e-14 0
0.000559 7.21515e-28 2.6861e-14 0
0.00056 5.76833e-28 2.40173e-14 0
0.000561 4.60979e-28 2.14704e-14 0
0.000562 3.68247e-28 1.91898e-14 0
0.000563 2.94051e-28 1.71479e-14 0
0.000564 2.3471e-28 1.53203e-14 0
0.000565 1.8727e-28 1.36847e-14 0
0.000566 1.49359e-28 1.22213e-14 0
0.000567 1.19075e-28 1.09121e-14 0
0.000568 9.48933e-29 9.74132e-15 0
0.000569 7.55922e-29 8.69438e-15 0
0.00057 6.01928e-29 7.7584e-15 0
0.000571 4.79114e-29 6.9218e-15 0
0.000572 3.81205e-29 6.17418e-15 0
0.000573 3.03183e-29 5.50621e-15 0
0.000574 2.41034e-29 4.90952e-15 0
0.000575 1.91548e-29 4.37662e-15 0
0.000576 1.52161e-29 3.90078e-15 0
0.000577 1.20824e-29 3.47598e-15 0
0.000578 9.59031e-30 3.09682e-15 0
0.000579 7.60916e-30 2.75847e-15 0
0.00058 6.03486e-30 2.4566e-15 0
0.000581 4.78436e-30 2.18732e-15 0
0.000582 3.79147e-30 1.94717e-15 0
0.000583 3.00342e-30 1.73304e-15 0
0.000584 2.37822e-30 1.54215e-15 0
0.000585 1.88241e-30 1.37201e-15 0
0.000586 1.48937e-30 1.2204e-15 0
0.000587 1.17792e-30 1.08532e-15 0
0.000588 9.31232e-31 9.65003e-16 0
0.000589 7.3591e-31 8.57852e-16 0
0.00059 5.81324e-31 7.62446e-16 0
0.000591 4.59027e-31 6.77515e-16 0
0.000592 3.62313e-31 6.01924e-16 0
0.000593 2.85862e-31 5.3466e-16 0
0.000594 2.25452e-31 4.74818e-16 0
0.000595 1.77738e-31 4.21589e-16 0
0.000596 1.40065e-31 3.74253e-16 0
0.000597 1.10334e-31 3.32165e-16 0
0.000598 8.68783e-32 2.94751e-16 0
0.000599 6.83819e-32 2.61499e-16 0
0.0006 5.38019e-32 2.31952e-16 0
0.000601 4.23136e-32 2.05703e-16 0
0.000602 3.32651e-32 1.82387e-16 0
0.000603 2.61411e-32 1.61682e-16 0
0.000604 2.05345e-32 1.43299e-16 0
0.000605 1.6124e-32 1.2698e-16 0
0.000606 1.26557e-32 1.12498e-16 0
0.000607 9.92948e-33 9.96468e-17 0
0.000608 7.78741e-33 8.82463e-17 0
0.000609 6.105e-33 7.81345e-17 0
0.00061 4.78415e-33 6.91675e-17 0
0.000611 3.74757e-33 6.12174e-17 0
0.000612 2.93441e-33 5.41702e-17 0
0.000613 2.29678e-33 4.79247e-17 0
0.000614 1.79698e-33 4.23908e-17 0
0.000615 1.40538e-33 3.74884e-17 0
0.000616 1.09868e-33 3.31463e-17 0
0.000617 8.58566e-34 2.93013e-17 0
0.000618 6.70661e-34 2.58971e-17 0
0.000619 5.23671e-34 2.28839e-17 0
0.00062 4.08733e-34 2.02172e-17 0
0.000621 3.18895e-34 1.78576e-17 0
0.000622 2.48704e-34 1.57704e-17 0
0.000623 1.93885e-34 1.39242e-17 0
0.000624 1.51088e-34 1.22918e-17 0
0.000625 1.17691e-34 1.08486e-17 0
0.000626 9.16396e-35 9.57286e-18 0
0.000627 7.13262e-35 8.44548e-18 0
0.000628 5.54934e-35 7.44939e-18 0
0.000629 4.31578e-35 6.56946e-18 0
0.00063 3.35509e-35 5.79231e-18 0
0.000631 2.6072e-35 5.10608e-18 0
0.000632 2.02522e-35 4.50024e-18 0
0.000633 1.57252e-35 3.9655e-18 0
0.000634 1.22052e-35 3.4936e-18 0
0.000635 9.46938e-36 3.07724e-18 0
0.000636 7.34385e-36 2.70995e-18 0
0.000637 5.69315e-36 2.38603e-18 0
0.000638 4.41171e-36 2.10041e-18 0
0.000639 3.41734e-36 1.84861e-18 0
0.00064 2.64604e-36 1.62666e-18 0
0.000641 2.048e-36 1.43108e-18 0
0.000642 1.58449e-36 1.25877e-18 0
0.000643 1.2254e-36 1.10698e-18 0
0.000644 9.47303e-37 9.73295e-19 0
0.000645 7.32028e-37 8.55586e-19 0
0.000646 5.65448e-37 7.51963e-19 0
0.000647 4.36601e-37 6.60758e-19 0
0.000648 3.36978e-37 5.80498e-19 0
0.000649 2.59984e-37 5.09886e-19 0
0.00065 2.00501e-37 4.47773e-19 0
0.000651 1.54566e-37 3.93148e-19 0
0.000652 1.19107e-37 3.45118e-19 0
0.000653 9.17455e-38 3.02895e-19 0
0.000654 7.06416e-38 2.65785e-19 0
0.000655 5.43703e-38 2.33174e-19 0
0.000656 4.18302e-38 2.04524e-19 0
0.000657 3.21695e-38 1.79359e-19 0
0.000658 2.473e-38 1.57258e-19 0
0.000659 1.90034e-38 1.37853e-19 0
0.00066 1.4597e-38 1.20818e-19 0
0.000661 1.12079e-38 1.05867e-19 0
0.000662 8.60221e-39 9.27481e-20 0
0.000663 6.59966e-39 8.12383e-20 0
0.000664 5.06128e-39 7.11426e-20 0
0.000665 3.87994e-39 6.22891e-20 0
0.000666 2.97314e-39 5.45265e-20 0
0.000667 2.27736e-39 4.77217e-20 0
0.000668 1.74372e-39 4.17578e-20 0
0.000669 1.33458e-39 3.65319e-20 0
0.00067 1.02104e-39 3.19537e-20 0
0.000671 7.80843e-40 2.79436e-20 0
0.000672 5.96915e-40 2.44318e-20 0
0.000673 4.56128e-40 2.13572e-20 0
0.000674 3.48408e-40 1.86657e-20 0
0.000675 2.66021e-40 1.63101e-20 0
0.000676 2.03034e-40 1.4249e-20 0
0.000677 1.54899e-40 1.24458e-20 0
0.000678 1.18129e-40 1.08687e-20 0
0.000679 9.00508e-41 9.48951e-21 0
0.00068 6.86193e-41 8.28368e-21 0
0.000681 5.22675e-41 7.22962e-21 0
0.000682 3.97963e-41 6.30843e-21 0
0.000683 3.02887e-41 5.50351e-21 0
0.000684 2.30433e-41 4.80034e-21 0
0.000685 1.7524e-41 4.18617e-21 0
0.000686 1.33214e-41 3.64985e-21 0
0.000687 1.01226e-41 3.18161e-21 0
0.000688 7.68887e-42 2.77288e-21 0
0.000689 5.83792e-42 2.41618e-21 0
0.00069 4.43077e-42 2.10494e-21 0
0.000691 3.36145e-42 1.83343e-21 0
0.000692 2.54919e-42 1.59662e-21 0
0.000693 1.93242e-42 1.39012e-21 0
0.000694 1.4643e-42 1.21008e-21 0
0.000695 1.10913e-42 1.05315e-21 0
0.000696 8.39771e-43 9.1639e-22 0
0.000697 6.35574e-43 7.97229e-22 0
0.000698 4.80837e-43 6.93424e-22 0
0.000699 3.63627e-43 6.03015e-22 0
0.0007 2.74879e-43 5.24289e-22 0
0.000701 2.07707e-43 4.55749e-22 0
0.000702 1.56888e-43 3.9609e-22 0
0.000703 1.18455e-43 3.44172e-22 0
0.000704 8.94008e-44 2.99e-22 0
0.000705 6.74461e-44 2.59704e-22 0
0.000706 5.08627e-44 2.25528e-22 0
0.000707 3.83414e-44 1.95809e-22 0
0.000708 2.8891e-44 1.69973e-22 0
0.000709 2.17612e-44 1.47517e-22 0
0.00071 1.63844e-44 1.28002e-22 0
0.000711 1.23312e-44 1.11046e-22 0
0.000712 9.27692e-45 9.63167e-23 0
0.000713 6.97637e-45 8.35247e-23 0
0.000714 5.24423e-45 7.24171e-23 0
0.000715 3.94058e-45 6.27741e-23 0
0.000716 2.95982e-45 5.44042e-23 0
0.000717 2.22227e-45 4.7141e-23 0
0.000718 1.66784e-45 4.08392e-23 0
0.000719 1.25123e-45 3.53728e-23 0
0.00072 9.38314e-46 3.06319e-23 0
0.000721 7.03371e-46 2.65211e-23 0
0.000722 5.27044e-46 2.29574e-23 0
0.000723 3.94763e-46 1.98686e-23 0
0.000724 2.95564e-46 1.7192e-23 0
0.000725 2.21204e-46 1.48729e-23 0
0.000726 1.65486e-46 1.28641e-23 0
0.000727 1.23753e-46 1.11244e-23 0
0.000728 9.2507e-47 9.61806e-24 0
0.000729 6.91228e-47 8.31401e-24 0
0.00073 5.1629e-47 7.18534e-24 0
0.000731 3.85472e-47 6.20864e-24 0
0.000732 2.87686e-47 5.36364e-24 0
0.000733 2.1462e-47 4.63271e-24 0
0.000734 1.60047e-47 4.00059e-24 0
0.000735 1.19303e-47 3.45403e-24 0
0.000736 8.88962e-48 2.98155e-24 0
0.000737 6.62125e-48 2.57318e-24 0
0.000738 4.92973e-48 2.2203e-24 0
0.000739 3.66887e-48 1.91543e-24 0
0.00074 2.72941e-48 1.65209e-24 0
0.000741 2.02969e-48 1.42467e-24 0
0.000742 1.50875e-48 1.22831e-24 0
0.000743 1.12107e-48 1.05881e-24 0
0.000744 8.32672e-49 9.12509e-25 0
0.000745 6.18217e-49 7.86268e-25 0
0.000746 4.58812e-49 6.77356e-25 0
0.000747 3.40372e-49 5.83414e-25 0
0.000748 2.52406e-49 5.024e-25 0
0.000749 1.87099e-49 4.3255e-25 0
0.00075 1.38634e-49 3.72336e-25 0
0.000751 1.02682e-49 3.20441e-25 0
0.000752 7.60233e-50 2.75723e-25 0
0.000753 5.62631e-50 2.37199e-25 0
0.000754 4.16225e-50 2.04016e-25 0
0.000755 3.07792e-50 1.7544e-25 0
0.000756 2.27517e-50 1.50837e-25 0
0.000757 1.68111e-50 1.29658e-25 0
0.000758 1.24167e-50 1.1143e-25 0
0.000759 9.16727e-51 9.57459e-26 0
0.00076 6.76552e-51 8.22528e-26 0
0.000761 4.99102e-51 7.06471e-26 0
0.000762 3.68047e-51 6.06669e-26 0
0.000763 2.71296e-51 5.20861e-26 0
0.000764 1.99899e-51 4.471e-26 0
0.000765 1.47232e-51 3.83708e-26 0
0.000766 1.08398e-51 3.29239e-26 0
0.000767 7.9775e-52 2.82445e-26 0
0.000768 5.86865e-52 2.42253e-26 0
0.000769 4.31555e-52 2.07739e-26 0
0.00077 3.1722e-52 1.78107e-26 0
0.000771 2.33083e-52 1.52671e-26 0
0.000772 1.71194e-52 1.30841e-26 0
0.000773 1.25687e-52 1.1211e-26 0
0.000774 9.22401e-53 9.60417e-27 0
0.000775 6.76668e-53 8.22598e-27 0
0.000776 4.96201e-53 7.04415e-27 0
0.000777 3.63718e-53 6.03091e-27 0
0.000778 2.66502e-53 5.16238e-27 0
0.000779 1.95191e-53 4.41805e-27 0
0.00078 1.42905e-53 3.78028e-27 0
0.000781 1.04583e-53 3.23393e-27 0
0.000782 7.65068e-54 2.76599e-27 0
0.000783 5.59456e-54 2.36528e-27 0
0.000784 4.08939e-54 2.02222e-27 0
0.000785 2.98797e-54 1.72858e-27 0
0.000786 2.18233e-54 1.47727e-27 0
0.000787 1.59328e-54 1.26225e-27 0
0.000788 1.16276e-54 1.07831e-27 0
0.000789 8.48229e-55 9.20993e-28 0
0.00079 6.18533e-55 7.86469e-28 0
0.000791 4.50857e-55 6.71459e-28 0
0.000792 3.28504e-55 5.73153e-28 0
0.000793 2.3926e-55 4.89142e-28 0
0.000794 1.74191e-55 4.17362e-28 0
0.000795 1.26767e-55 3.56043e-28 0
0.000796 9.22175e-56 3.03673e-28 0
0.000797 6.70575e-56 2.58955e-28 0
0.000798 4.87424e-56 2.20777e-28 0
0.000799 3.54155e-56 1.8819e-28 0
0.0008 2.57221e-56 1.60381e-28 0
0.000801 1.86743e-56 1.36654e-28 0
0.000802 1.35522e-56 1.16414e-28 0
0.000803 9.83109e-57 9.91519e-29 0
0.000804 7.12885e-57 8.44325e-29 0
0.000805 5.1673e-57 7.18839e-29 0
0.000806 3.74398e-57 6.11881e-29 0
0.000807 2.71163e-57 5.20733e-29 0
0.000808 1.96315e-57 4.43074e-29 0
0.000809 1.4207e-57 3.76922e-29 0
0.00081 1.02773e-57 3.20582e-29 0
0.000811 7.43156e-58 2.72609e-29 0
0.000812 5.37165e-58 2.31768e-29 0
0.000813 3.88117e-58 1.97007e-29 0
0.000814 2.80313e-58 1.67425e-29 0
0.000815 2.02372e-58 1.42257e-29 0
0.000816 1.46044e-58 1.20849e-29 0
0.000817 1.05352e-58 1.02641e-29 0
0.000818 7.59675e-59 8.71593e-30 0
0.000819 5.4757e-59 7.3998e-30 0
0.00082 3.94528e-59 6.28115e-30 0
0.000821 2.84147e-59 5.33054e-30 0
0.000822 2.04566e-59 4.5229e-30 0
0.000823 1.47214e-59 3.83685e-30 0
0.000824 1.059e-59 3.25422e-30 0
0.000825 7.61489e-60 2.75951e-30 0
0.000826 5.47343e-60 2.33954e-30 0
0.000827 3.93262e-60 1.98308e-30 0
0.000828 2.82443e-60 1.6806e-30 0
0.000829 2.02771e-60 1.42398e-30 0
0.00083 1.45515e-60 1.20629e-30 0
0.000831 1.04384e-60 1.02168e-30 0
0.000832 7.48492e-61 8.65154e-31 0
0.000833 5.36497e-61 7.3246e-31 0
0.000834 3.84391e-61 6.19993e-31 0
0.000835 2.753e-61 5.2469e-31 0
0.000836 1.9709e-61 4.43948e-31 0
0.000837 1.41042e-61 3.75556e-31 0
0.000838 1.00893e-61 3.17637e-31 0
0.000839 7.21438e-62 2.68596e-31 0
0.00084 5.15659e-62 2.27081e-31 0
0.000841 3.68428e-62 1.91945e-31 0
0.000842 2.63129e-62 1.62213e-31 0
0.000843 1.8785e-62 1.37059e-31 0
0.000844 1.34054e-62 1.15782e-31 0
0.000845 9.56261e-63 9.77886e-32 0
0.000846 6.81865e-63 8.25751e-32 0
0.000847 4.86011e-63 6.97145e-32 0
0.000848 3.46274e-63 5.88451e-32 0
0.000849 2.46616e-63 4.96604e-32 0
0.00085 1.75569e-63 4.19009e-32 0
0.000851 1.2494e-63 3.53468e-32 0
0.000852 8.8875e-64 2.98119e-32 0
0.000853 6.31954e-64 2.51387e-32 0
0.000854 4.49177e-64 2.11938e-32 0
0.000855 3.19136e-64 1.78644e-32 0
0.000856 2.26652e-64 1.5055e-32 0
0.000857 1.60905e-64 1.26848e-32 0
0.000858 1.14185e-64 1.06857e-32 0
0.000859 8.09973e-65 8.99985e-33 0
0.00086 5.74328e-65 7.57845e-33 0
0.000861 4.07077e-65 6.38026e-33 0
0.000862 2.88415e-65 5.37043e-33 0
0.000863 2.04262e-65 4.51953e-33 0
0.000864 1.44604e-65 3.80269e-33 0
0.000865 1.0233e-65 3.1989e-33 0
0.000866 7.23852e-66 2.69045e-33 0
0.000867 5.11827e-66 2.26236e-33 0
0.000868 3.61762e-66 1.902e-33 0
0.000869 2.55593e-66 1.59873e-33 0
0.00087 1.8051e-66 1.34354e-33 0
0.000871 1.27432e-66 1.12886e-33 0
0.000872 8.99259e-67 9.48293e-34 0
0.000873 6.34331e-67 7.96449e-34 0
0.000874 4.47274e-67 6.68785e-34 0
0.000875 3.15252e-67 5.61473e-34 0
0.000876 2.2211e-67 4.71285e-34 0
0.000877 1.56424e-67 3.95505e-34 0
0.000878 1.1012e-67 3.31843e-34 0
0.000879 7.74917e-68 2.78373e-34 0
0.00088 5.45093e-68 2.33472e-34 0
0.000881 3.83276e-68 1.95774e-34 0
0.000882 2.69389e-68 1.64131e-34 0
0.000883 1.89267e-68 1.37574e-34 0
0.000884 1.32921e-68 1.15291e-34 0
0.000885 9.33127e-69 9.65985e-35 0
0.000886 6.54808e-69 8.09202e-35 0
0.000887 4.59317e-69 6.7773e-35 0
0.000888 3.22061e-69 5.67504e-35 0
0.000889 2.2573e-69 4.75111e-35 0
0.00089 1.5815e-69 3.9768e-35 0
0.000891 1.10757e-69 3.32802e-35 0
0.000892 7.75359e-70 2.78453e-35 0
0.000893 5.42575e-70 2.32932e-35 0
0.000894 3.79527e-70 1.94815e-35 0
0.000895 2.6537e-70 1.62902e-35 0
0.000896 1.85476e-70 1.3619e-35 0
0.000897 1.29584e-70 1.13835e-35 0
0.000898 9.04979e-71 9.51304e-36 0
0.000899 6.31761e-71 7.94834e-36 0
0.0009 4.40853e-71 6.63968e-36 0
0.000901 3.07511e-71 5.54537e-36 0
0.000902 2.14415e-71 4.63049e-36 0
0.000903 1.49443e-71 3.86578e-36 0
0.000904 1.04117e-71 3.22671e-36 0
0.000905 7.25091e-72 2.69275e-36 0
0.000906 5.04767e-72 2.2467e-36 0
0.000907 3.5125e-72 1.87417e-36 0
0.000908 2.44324e-72 1.56309e-36 0
0.000909 1.69881e-72 1.30338e-36 0
0.00091 1.18072e-72 1.08661e-36 0
0.000911 8.2031e-73 9.0571e-37 0
0.000912 5.69684e-73 7.54774e-37 0
0.000913 3.95473e-73 6.28866e-37 0
0.000914 2.74426e-73 5.23857e-37 0
0.000915 1.90353e-73 4.36295e-37 0
0.000916 1.31984e-73 3.63296e-37 0
0.000917 9.14765e-74 3.02451e-37 0
0.000918 6.33758e-74 2.51745e-37 0
0.000919 4.38898e-74 2.09499e-37 0
0.00092 3.0383e-74 1.74307e-37 0
0.000921 2.10244e-74 1.44998e-37 0
0.000922 1.45426e-74 1.20593e-37 0
0.000923 1.00551e-74 1.00275e-37 0
0.000924 6.94959e-75 8.33642e-38 0
0.000925 4.80128e-75 6.92912e-38 0
0.000926 3.31574e-75 5.75825e-38 0
0.000927 2.28892e-75 4.78427e-38 0
0.000928 1.57946e-75 3.97424e-38 0
0.000929 1.08946e-75 3.3007e-38 0
0.00093 7.51174e-76 2.74076e-38 0
0.000931 5.17721e-76 2.27535e-38 0
0.000932 3.56679e-76 1.8886e-38 0
0.000933 2.45633e-76 1.56727e-38 0
0.000934 1.69091e-76 1.30035e-38 0
0.000935 1.16354e-76 1.07868e-38 0
0.000936 8.00329e-77 8.94611e-39 0
0.000937 5.50277e-77 7.41807e-39 0
0.000938 3.782e-77 6.14979e-39 0
0.000939 2.59829e-77 5.09734e-39 0
0.00094 1.78435e-77 4.22415e-39 0
0.000941 1.22489e-77 3.49984e-39 0
0.000942 8.40509e-78 2.89915e-39 0
0.000943 5.76519e-78 2.40108e-39 0
0.000944 3.95285e-78 1.98818e-39 0
0.000945 2.70916e-78 1.64595e-39 0
0.000946 1.85603e-78 1.36236e-39 0
0.000947 1.27104e-78 1.12741e-39 0
0.000948 8.70086e-79 9.32784e-40 0
0.000949 5.95376e-79 7.71606e-40 0
0.00095 4.07236e-79 6.3815e-40 0
0.000951 2.78437e-79 5.27671e-40 0
0.000952 1.90298e-79 4.36232e-40 0
0.000953 1.30008e-79 3.60566e-40 0
0.000954 8.87828e-80 2.97964e-40 0
0.000955 6.06059e-80 2.46183e-40 0
0.000956 4.1355e-80 2.03359e-40 0
0.000957 2.82076e-80 1.67951e-40 0
0.000958 1.92323e-80 1.38681e-40 0
0.000959 1.31076e-80 1.14488e-40 0
0.00096 8.92979e-81 9.44975e-41 0
0.000961 6.08114e-81 7.79817e-41 0
0.000962 4.13957e-81 6.43395e-41 0
0.000963 2.81677e-81 5.30733e-41 0
0.000964 1.91591e-81 4.37711e-41 0
0.000965 1.30264e-81 3.60921e-41 0
0.000966 8.85319e-82 2.97543e-41 0
0.000967 6.01453e-82 2.45245e-41 0
0.000968 4.08441e-82 2.02099e-41 0
0.000969 2.77258e-82 1.66511e-41 0
0.00097 1.88133e-82 1.37161e-41 0
0.000971 1.27606e-82 1.12963e-41 0
0.000972 8.65176e-83 9.30148e-42 0
0.000973 5.86359e-83 7.65741e-42 0
0.000974 3.97237e-83 6.30267e-42 0
0.000975 2.69006e-83 5.18658e-42 0
0.000976 1.82096e-83 4.26727e-42 0
0.000977 1.23215e-83 3.5102e-42 0
0.000978 8.33404e-84 2.88687e-42 0
0.000979 5.63472e-84 2.37376e-42 0
0.00098 3.80817e-84 1.95145e-42 0
0.000981 2.57268e-84 1.60396e-42 0
0.000982 1.73733e-84 1.31808e-42 0
0.000983 1.17275e-84 1.08293e-42 0
0.000984 7.91321e-85 8.89562e-43 0
0.000985 5.33737e-85 7.30573e-43 0
0.000986 3.59856e-85 5.9988e-43 0
0.000987 2.42525e-85 4.92468e-43 0
0.000988 1.63384e-85 4.04208e-43 0
0.000989 1.10025e-85 3.31699e-43 0
0.00099 7.4062e-86 2.72143e-43 0
0.000991 4.98343e-86 2.23236e-43 0
0.000992 3.35187e-86 1.83081e-43 0
0.000993 2.25358e-86 1.50119e-43 0
0.000994 1.51455e-86 1.23067e-43 0
0.000995 1.01747e-86 1.0087e-43 0
0.000996 6.83259e-87 8.26595e-44 0
0.000997 4.58644e-87 6.77232e-44 0
0.000998 3.07746e-87 5.54748e-44 0
0.000999 2.06412e-87 4.54326e-44 0
