0 0 0 0
7.32422e-06 0 0 0
1.46484e-05 0 0 0
2.19727e-05 0 0 0
2.92969e-05 0 0 0
3.66211e-05 0 0 0
4.39453e-05 0 0 0
5.12695e-05 0 0 0
5.85937e-05 0 0 0
6.5918e-05 0 0 0
7.32422e-05 0 0 0
8.05664e-05 0 0 0
8.78906e-05 0 0 0
9.52148e-05 0 0 0
0.000102539 0 0 0
0.000109863 0 0 0
0.000117187 0 0 0
0.000124512 0 0 0
0.000131836 0 0 0
0.00013916 0 0 0
0.000146484 0 0 0
0.000153809 0 0 0
0.000161133 0 0 0
0.000168457 0 0 0
0.000175781 0 0 0
0.000183105 0 0 0
0.00019043 0 0 0
0.000197754 0 0 0
0.000205078 0 0 0
0.000212402 0 0 0
0.000219727 0 0 0
0.000227051 0 0 0
0.000234375 0 0 0
0.000241699 0 0 0
0.000249023 0 0 0
0.000256348 0 0 0
0.000263672 0 0 0
0.000270996 0 0 0
0.00027832 0 0 0
0.000285645 0 0 0
0.000292969 0 0 0
0.000300293 0 0 0
0.000307617 0 0 0
0.000314941 0 0 0
0.000322266 0 0 0
0.00032959 0 0 0
0.000336914 0 0 0
0.000344238 0 0 0
0.000351562 0 0 0
0.000358887 0 0 0
0.000366211 0 0 0
0.000373535 0 0 0
0.000380859 0 0 0
0.000388184 0 0 0
0.000395508 0 0 0
0.000402832 0 0 0
0.000410156 0 0 0
0.00041748 0 0 0
0.000424805 0 0 0
0.000432129 0 0 0
0.000439453 0 0 0
0.000446777 0 0 0
0.000454102 0 0 0
0.000461426 0 0 0
0.00046875 0 0 0
0.000476074 0 0 0
0.000483398 0 0 0
0.000490723 0 0 0
0.000498047 0 0 0
0.000505371 0 0 0
0.000512695 0 0 0
0.00052002 0 0 0
0.000527344 0 0 0
0.000534668 0 0 0
0.000541992 0 0 0
0.000549316 0 0 0
0.000556641 0 0 0
0.000563965 0 0 0
0.000571289 0 0 0
0.000578613 0 0 0
0.000585937 0 0 0
0.000593262 0 0 0
0.000600586 0 0 0
0.00060791 0 0 0
0.000615234 0 0 0
0.000622559 0 0 0
0.000629883 0 0 0
0.000637207 0 0 0
0.000644531 0 0 0
0.000651855 0 0 0
0.00065918 0 0 0
0.000666504 0 0 0
0.000673828 0 0 0
0.000681152 0 0 0
0.000688477 0 0 0
0.000695801 0 0 0
0.000703125 0 0 0
0.000710449 0 0 0
0.000717773 0 0 0
0.000725098 0 0 0
0.000732422 0 0 0
0.000739746 0 0 0
0.00074707 0 0 0
0.000754395 0 0 0
0.000761719 0 0 0
0.000769043 0 0 0
0.000776367 0 0 0
0.000783691 0 0 0
0.000791016 0 0 0
0.00079834 0 0 0
0.000805664 0 0 0
0.000812988 0 0 0
0.000820312 0 0 0
0.000827637 0 0 0
0.000834961 0 0 0
0.000842285 0 0 0
0.000849609 0 0 0
0.000856934 0 0 0
0.000864258 0 0 0
0.000871582 0 0 0
0.000878906 0 0 0
0.00088623 0 0 0
0.000893555 0 0 0
0.000900879 0 0 0
0.000908203 0 0 0
0.000915527 0 0 0
0.000922852 0 0 0
0.000930176 0 0 0
0.0009375 0 0 0
0.000944824 0 0 0
0.000952148 0 0 0
0.000959473 0 0 0
0.000966797 0 0 0
0.000974121 0 0 0
0.000981445 0 0 0
0.00098877 0 0 0
0.000996094 0 0 0
0.00100342 0 0 0
0.00101074 0 0 0
0.00101807 0 0 0
0.00102539 0 0 0
0.00103271 0 0 0
0.00104004 0 0 0
0.00104736 0 0 0
0.00105469 0 0 0
0.00106201 0 0 0
0.00106934 0 0 0
0.00107666 0 0 0
0.00108398 0 0 0
0.00109131 0 0 0
0.00109863 0 0 0
0.00110596 0 0 0
0.00111328 0 0 0
0.00112061 0 0 0
0.00112793 0 0 0
0.00113525 0 0 0
0.00114258 0 0 0
0.0011499 0 0 0
0.00115723 0 0 0
0.00116455 0 0 0
0.00117187 0 0 0
0.0011792 0 0 0
0.00118652 0 0 0
0.00119385 0 0 0
0.00120117 0 0 0
0.0012085 0 0 0
0.00121582 0 0 0
0.00122314 0 0 0
0.00123047 0 0 0
0.00123779 0 0 0
0.00124512 0 0 0
0.00125244 0 0 0
0.00125977 0 0 0
0.00126709 0 0 0
0.00127441 0 0 0
0.00128174 0 0 0
0.00128906 0 0 0
0.00129639 0 0 0
0.00130371 0 0 0
0.00131104 0 0 0
0.00131836 0 0 0
0.00132568 0 0 0
0.00133301 0 0 0
0.00134033 0 0 0
0.00134766 0 0 0
0.00135498 0 0 0
0.0013623 0 0 0
0.00136963 0 0 0
0.00137695 0 0 0
0.00138428 0 0 0
0.0013916 0 0 0
0.00139893 0 0 0
0.00140625 0 0 0
0.00141357 0 0 0
0.0014209 0 0 0
0.00142822 0 0 0
0.00143555 0 0 0
0.00144287 0 0 0
0.0014502 0 0 0
0.00145752 0 0 0
0.00146484 0 0 0
0.00147217 0 0 0
0.00147949 0 0 0
0.00148682 0 0 0
0.00149414 0 0 0
0.00150146 0 0 0
0.00150879 0 0 0
0.00151611 0 0 0
0.00152344 0 0 0
0.00153076 0 0 0
0.00153809 0 0 0
0.00154541 0 0 0
0.00155273 0 0 0
0.00156006 0 0 0
0.00156738 0 0 0
0.00157471 0 0 0
0.00158203 0 0 0
0.00158936 0 0 0
0.00159668 0 0 0
0.001604 0 0 0
0.00161133 0 0 0
0.00161865 0 0 0
0.00162598 0 0 0
0.0016333 0 0 0
0.00164062 0 0 0
0.00164795 0 0 0
0.00165527 0 0 0
0.0016626 0 0 0
0.00166992 0 0 0
0.00167725 0 0 0
0.00168457 0 0 0
0.00169189 0 0 0
0.00169922 0 0 0
0.00170654 0 0 0
0.00171387 0 0 0
0.00172119 0 0 0
0.00172852 0 0 0
0.00173584 0 0 0
0.00174316 0 0 0
0.00175049 0 0 0
0.00175781 0 0 0
0.00176514 0 0 0
0.00177246 0 0 0
0.00177979 0 0 0
0.00178711 0 0 0
0.00179443 0 0 0
0.00180176 0 0 0
0.00180908 0 0 0
0.00181641 0 0 0
0.00182373 0 0 0
0.00183105 0 0 0
0.00183838 0 0 0
0.0018457 0 0 0
0.00185303 0 0 0
0.00186035 0 0 0
0.00186768 0 0 0
0.001875 0 0 0
0.00188232 0 0 0
0.00188965 0 0 0
0.00189697 0 0 0
0.0019043 0 0 0
0.00191162 0 0 0
0.00191895 0 0 0
0.00192627 0 0 0
0.00193359 0 0 0
0.00194092 0 0 0
0.00194824 0 0 0
0.00195557 0 0 0
0.00196289 0 0 0
0.00197021 0 0 0
0.00197754 0 0 0
0.00198486 0 0 0
0.00199219 0 0 0
0.00199951 0 0 0
0.00200684 1 1 0
0.00201416 1 1 0
0.00202148 1 1 0
0.00202881 1 1 0
0.00203613 1 1 0
0.00204346 1 1 0
0.00205078 1 1 0
0.00205811 1 1 0
0.00206543 1 1 0
0.00207275 1 1 0
0.00208008 1 1 0
0.0020874 1 1 0
0.00209473 1 1 0
0.00210205 1 1 0
0.00210938 1 1 0
0.0021167 1 1 0
0.00212402 1 1 0
0.00213135 1 1 0
0.00213867 1 1 0
0.002146 1 1 0
0.00215332 1 1 0
0.00216064 1 1 0
0.00216797 1 1 0
0.00217529 1 1 0
0.00218262 1 1 0
0.00218994 1 1 0
0.00219727 1 1 0
0.00220459 1 1 0
0.00221191 1 1 0
0.00221924 1 1 0
0.00222656 1 1 0
0.00223389 1 1 0
0.00224121 1 1 0
0.00224854 1 1 0
0.00225586 1 1 0
0.00226318 1 1 0
0.00227051 1 1 0
0.00227783 1 1 0
0.00228516 1 1 0
0.00229248 1 1 0
0.0022998 1 1 0
0.00230713 1 1 0
0.00231445 1 1 0
0.00232178 1 1 0
0.0023291 1 1 0
0.00233643 1 1 0
0.00234375 1 1 0
0.00235107 1 1 0
0.0023584 1 1 0
0.00236572 1 1 0
0.00237305 1 1 0
0.00238037 1 1 0
0.0023877 1 1 0
0.00239502 1 1 0
0.00240234 1 1 0
0.00240967 1 1 0
0.00241699 1 1 0
0.00242432 1 1 0
0.00243164 1 1 0
0.00243896 1 1 0
0.00244629 1 1 0
0.00245361 1 1 0
0.00246094 1 1 0
0.00246826 1 1 0
0.00247559 1 1 0
0.00248291 1 1 0
0.00249023 1 1 0
0.00249756 1 1 0
0.00250488 1 1 0
0.00251221 1 1 0
0.00251953 1 1 0
0.00252686 1 1 0
0.00253418 1 1 0
0.0025415 1 1 0
0.00254883 1 1 0
0.00255615 1 1 0
0.00256348 1 1 0
0.0025708 1 1 0
0.00257812 1 1 0
0.00258545 1 1 0
0.00259277 1 1 0
0.0026001 1 1 0
0.00260742 1 1 0
0.00261475 1 1 0
0.00262207 1 1 0
0.00262939 1 1 0
0.00263672 1 1 0
0.00264404 1 1 0
0.00265137 1 1 0
0.00265869 1 1 0
0.00266602 1 1 0
0.00267334 1 1 0
0.00268066 1 1 0
0.00268799 1 1 0
0.00269531 1 1 0
0.00270264 1 1 0
0.00270996 1 1 0
0.00271729 1 1 0
0.00272461 1 1 0
0.00273193 1 1 0
0.00273926 1 1 0
0.00274658 1 1 0
0.00275391 1 1 0
0.00276123 1 1 0
0.00276855 1 1 0
0.00277588 1 1 0
0.0027832 1 1 0
0.00279053 1 1 0
0.00279785 1 1 0
0.00280518 1 1 0
0.0028125 1 1 0
0.00281982 1 1 0
0.00282715 1 1 0
0.00283447 1 1 0
0.0028418 1 1 0
0.00284912 1 1 0
0.00285645 1 1 0
0.00286377 1 1 0
0.00287109 1 1 0
0.00287842 1 1 0
0.00288574 1 1 0
0.00289307 1 1 0
0.00290039 1 1 0
0.00290771 1 1 0
0.00291504 1 1 0
0.00292236 1 1 0
0.00292969 1 1 0
0.00293701 1 1 0
0.00294434 1 1 0
0.00295166 1 1 0
0.00295898 1 1 0
0.00296631 1 1 0
0.00297363 1 1 0
0.00298096 1 1 0
0.00298828 1 1 0
0.00299561 1 1 0
0.00300293 1 1 0
0.00301025 1 1 0
0.00301758 1 1 0
0.0030249 1 1 0
0.00303223 1 1 0
0.00303955 1 1 0
0.00304688 1 1 0
0.0030542 1 1 0
0.00306152 1 1 0
0.00306885 1 1 0
0.00307617 1 1 0
0.0030835 1 1 0
0.00309082 1 1 0
0.00309814 0.999999 1 0
0.00310547 0.999999 1 0
0.00311279 0.999999 1 0
0.00312012 0.999999 1 0
0.00312744 0.999999 1 0
0.00313477 0.999999 1 0
0.00314209 0.999999 1 0
0.00314941 0.999999 1 0
0.00315674 0.999999 1 0
0.00316406 0.999999 1 0
0.00317139 0.999999 1 0
0.00317871 0.999999 1 0
0.00318604 0.999999 1 0
0.00319336 0.999999 1 0
0.00320068 0.999999 1 0
0.00320801 0.999999 1 0
0.00321533 0.999999 1 0
0.00322266 0.999999 1 0
0.00322998 0.999999 1 0
0.0032373 0.999999 0.999999 0
0.00324463 0.999999 0.999999 0
0.00325195 0.999999 0.999999 0
0.00325928 0.999999 0.999999 0
0.0032666 0.999999 0.999999 0
0.00327393 0.999999 0.999999 0
0.00328125 0.999999 0.999999 0
0.00328857 0.999999 0.999999 0
0.0032959 0.999999 0.999999 0
0.00330322 0.999999 0.999999 0
0.00331055 0.999999 0.999999 0
0.00331787 0.999998 0.999999 0
0.0033252 0.999998 0.999999 0
0.00333252 0.999998 0.999999 0
0.00333984 0.999998 0.999999 0
0.00334717 0.999998 0.999999 0
0.00335449 0.999998 0.999999 0
0.00336182 0.999998 0.999999 0
0.00336914 0.999998 0.999999 0
0.00337646 0.999998 0.999999 0
0.00338379 0.999998 0.999999 0
0.00339111 0.999998 0.999999 0
0.00339844 0.999998 0.999999 0
0.00340576 0.999998 0.999999 0
0.00341309 0.999998 0.999999 0
0.00342041 0.999998 0.999999 0
0.00342773 0.999997 0.999999 0
0.00343506 0.999997 0.999999 0
0.00344238 0.999997 0.999999 0
0.00344971 0.999997 0.999999 0
0.00345703 0.999997 0.999999 0
0.00346436 0.999997 0.999998 0
0.00347168 0.999997 0.999998 0
0.003479 0.999997 0.999998 0
0.00348633 0.999997 0.999998 0
0.00349365 0.999997 0.999998 0
0.00350098 0.999996 0.999998 0
0.0035083 0.999996 0.999998 0
0.00351562 0.999996 0.999998 0
0.00352295 0.999996 0.999998 0
0.00353027 0.999996 0.999998 0
0.0035376 0.999996 0.999998 0
0.00354492 0.999996 0.999998 0
0.00355225 0.999995 0.999998 0
0.00355957 0.999995 0.999998 0
0.00356689 0.999995 0.999998 0
0.00357422 0.999995 0.999997 0
0.00358154 0.999995 0.999997 0
0.00358887 0.999995 0.999997 0
0.00359619 0.999994 0.999997 0
0.00360352 0.999994 0.999997 0
0.00361084 0.999994 0.999997 0
0.00361816 0.999994 0.999997 0
0.00362549 0.999994 0.999997 0
0.00363281 0.999993 0.999997 0
0.00364014 0.999993 0.999997 0
0.00364746 0.999993 0.999997 0
0.00365479 0.999993 0.999996 0
0.00366211 0.999993 0.999996 0
0.00366943 0.999992 0.999996 0
0.00367676 0.999992 0.999996 0
0.00368408 0.999992 0.999996 0
0.00369141 0.999992 0.999996 0
0.00369873 0.999991 0.999996 0
0.00370605 0.999991 0.999996 0
0.00371338 0.999991 0.999995 0
0.0037207 0.99999 0.999995 0
0.00372803 0.99999 0.999995 0
0.00373535 0.99999 0.999995 0
0.00374268 0.999989 0.999995 0
0.00375 0.999989 0.999995 0
0.00375732 0.999989 0.999994 0
0.00376465 0.999988 0.999994 0
0.00377197 0.999988 0.999994 0
0.0037793 0.999988 0.999994 0
0.00378662 0.999987 0.999994 0
0.00379395 0.999987 0.999993 0
0.00380127 0.999986 0.999993 0
0.00380859 0.999986 0.999993 0
0.00381592 0.999986 0.999993 0
0.00382324 0.999985 0.999993 0
0.00383057 0.999985 0.999992 0
0.00383789 0.999984 0.999992 0
0.00384521 0.999984 0.999992 0
0.00385254 0.999983 0.999992 0
0.00385986 0.999983 0.999991 0
0.00386719 0.999982 0.999991 0
0.00387451 0.999982 0.999991 0
0.00388184 0.999981 0.999991 0
0.00388916 0.999981 0.99999 0
0.00389648 0.99998 0.99999 0
0.00390381 0.999979 0.99999 0
0.00391113 0.999979 0.999989 0
0.00391846 0.999978 0.999989 0
0.00392578 0.999977 0.999989 0
0.00393311 0.999977 0.999988 0
0.00394043 0.999976 0.999988 0
0.00394775 0.999975 0.999988 0
0.00395508 0.999975 0.999987 0
0.0039624 0.999974 0.999987 0
0.00396973 0.999973 0.999986 0
0.00397705 0.999972 0.999986 0
0.00398438 0.999971 0.999986 0
0.0039917 0.99997 0.999985 0
0.00399902 0.99997 0.999985 0
0.00400635 0.999969 0.999984 0
0.00401367 0.999968 0.999984 0
0.004021 0.999967 0.999983 0
0.00402832 0.999966 0.999983 0
0.00403564 0.999965 0.999982 0
0.00404297 0.999964 0.999982 0
0.00405029 0.999963 0.999981 0
0.00405762 0.999962 0.999981 0
0.00406494 0.999961 0.99998 0
0.00407227 0.999959 0.99998 0
0.00407959 0.999958 0.999979 0
0.00408691 0.999957 0.999978 0
0.00409424 0.999956 0.999978 0
0.00410156 0.999954 0.999977 0
0.00410889 0.999953 0.999977 0
0.00411621 0.999952 0.999976 0
0.00412354 0.99995 0.999975 0
0.00413086 0.999949 0.999974 0
0.00413818 0.999947 0.999974 0
0.00414551 0.999946 0.999973 0
0.00415283 0.999944 0.999972 0
0.00416016 0.999943 0.999971 0
0.00416748 0.999941 0.999971 0
0.0041748 0.999939 0.99997 0
0.00418213 0.999938 0.999969 0
0.00418945 0.999936 0.999968 0
0.00419678 0.999934 0.999967 0
0.0042041 0.999932 0.999966 0
0.00421143 0.99993 0.999965 0
0.00421875 0.999928 0.999964 0
0.00422607 0.999926 0.999963 0
0.0042334 0.999924 0.999962 0
0.00424072 0.999922 0.999961 0
0.00424805 0.99992 0.99996 0
0.00425537 0.999918 0.999959 0
0.0042627 0.999916 0.999958 0
0.00427002 0.999913 0.999957 0
0.00427734 0.999911 0.999955 0
0.00428467 0.999908 0.999954 0
0.00429199 0.999906 0.999953 0
0.00429932 0.999903 0.999952 0
0.00430664 0.999901 0.99995 0
0.00431396 0.999898 0.999949 0
0.00432129 0.999895 0.999947 0
0.00432861 0.999892 0.999946 0
0.00433594 0.999889 0.999945 0
0.00434326 0.999886 0.999943 0
0.00435059 0.999883 0.999941 0
0.00435791 0.99988 0.99994 0
0.00436523 0.999876 0.999938 0
0.00437256 0.999873 0.999937 0
0.00437988 0.99987 0.999935 0
0.00438721 0.999866 0.999933 0
0.00439453 0.999863 0.999931 0
0.00440186 0.999859 0.999929 0
0.00440918 0.999855 0.999928 0
0.0044165 0.999851 0.999926 0
0.00442383 0.999847 0.999924 0
0.00443115 0.999843 0.999922 0
0.00443848 0.999839 0.999919 0
0.0044458 0.999835 0.999917 0
0.00445312 0.99983 0.999915 0
0.00446045 0.999826 0.999913 0
0.00446777 0.999821 0.99991 0
0.0044751 0.999816 0.999908 0
0.00448242 0.999811 0.999906 0
0.00448975 0.999806 0.999903 0
0.00449707 0.999801 0.999901 0
0.00450439 0.999796 0.999898 0
0.00451172 0.999791 0.999895 0
0.00451904 0.999785 0.999893 0
0.00452637 0.999779 0.99989 0
0.00453369 0.999774 0.999887 0
0.00454102 0.999768 0.999884 0
0.00454834 0.999762 0.999881 0
0.00455566 0.999755 0.999878 0
0.00456299 0.999749 0.999875 0
0.00457031 0.999743 0.999871 0
0.00457764 0.999736 0.999868 0
0.00458496 0.999729 0.999865 0
0.00459229 0.999722 0.999861 0
0.00459961 0.999715 0.999857 0
0.00460693 0.999708 0.999854 0
0.00461426 0.9997 0.99985 0
0.00462158 0.999692 0.999846 0
0.00462891 0.999684 0.999842 0
0.00463623 0.999676 0.999838 0
0.00464355 0.999668 0.999834 0
0.00465088 0.99966 0.99983 0
0.0046582 0.999651 0.999825 0
0.00466553 0.999642 0.999821 0
0.00467285 0.999633 0.999816 0
0.00468018 0.999624 0.999812 0
0.0046875 0.999614 0.999807 0
0.00469482 0.999604 0.999802 0
0.00470215 0.999594 0.999797 0
0.00470947 0.999584 0.999792 0
0.0047168 0.999574 0.999787 0
0.00472412 0.999563 0.999781 0
0.00473145 0.999552 0.999776 0
0.00473877 0.999541 0.99977 0
0.00474609 0.999529 0.999765 0
0.00475342 0.999517 0.999759 0
0.00476074 0.999505 0.999753 0
0.00476807 0.999493 0.999746 0
0.00477539 0.99948 0.99974 0
0.00478271 0.999468 0.999734 0
0.00479004 0.999454 0.999727 0
0.00479736 0.999441 0.99972 0
0.00480469 0.999427 0.999713 0
0.00481201 0.999413 0.999706 0
0.00481934 0.999398 0.999699 0
0.00482666 0.999384 0.999692 0
0.00483398 0.999369 0.999684 0
0.00484131 0.999353 0.999676 0
0.00484863 0.999337 0.999669 0
0.00485596 0.999321 0.99966 0
0.00486328 0.999304 0.999652 0
0.00487061 0.999288 0.999644 0
0.00487793 0.99927 0.999635 0
0.00488525 0.999252 0.999626 0
0.00489258 0.999234 0.999617 0
0.0048999 0.999216 0.999608 0
0.00490723 0.999197 0.999598 0
0.00491455 0.999177 0.999589 0
0.00492188 0.999158 0.999579 0
0.0049292 0.999137 0.999569 0
0.00493652 0.999117 0.999558 0
0.00494385 0.999095 0.999548 0
0.00495117 0.999074 0.999537 0
0.0049585 0.999052 0.999526 0
0.00496582 0.999029 0.999514 0
0.00497314 0.999006 0.999503 0
0.00498047 0.998982 0.999491 0
0.00498779 0.998958 0.999479 0
0.00499512 0.998933 0.999466 0
0.00500244 0.998908 0.999454 0
0.00500977 0.998882 0.999441 0
0.00501709 0.998856 0.999428 0
0.00502441 0.998829 0.999414 0
0.00503174 0.998801 0.9994 0
0.00503906 0.998773 0.999386 0
0.00504639 0.998744 0.999372 0
0.00505371 0.998714 0.999357 0
0.00506104 0.998684 0.999342 0
0.00506836 0.998654 0.999327 0
0.00507568 0.998622 0.999311 0
0.00508301 0.99859 0.999295 0
0.00509033 0.998557 0.999278 0
0.00509766 0.998524 0.999262 0
0.00510498 0.998489 0.999244 0
0.0051123 0.998454 0.999227 0
0.00511963 0.998419 0.999209 0
0.00512695 0.998382 0.999191 0
0.00513428 0.998345 0.999172 0
0.0051416 0.998306 0.999153 0
0.00514893 0.998267 0.999133 0
0.00515625 0.998228 0.999113 0
0.00516357 0.998187 0.999093 0
0.0051709 0.998145 0.999072 0
0.00517822 0.998103 0.999051 0
0.00518555 0.99806 0.999029 0
0.00519287 0.998015 0.999007 0
0.0052002 0.99797 0.998985 0
0.00520752 0.997924 0.998961 0
0.00521484 0.997877 0.998938 0
0.00522217 0.997829 0.998914 0
0.00522949 0.997779 0.998889 0
0.00523682 0.997729 0.998864 0
0.00524414 0.997678 0.998838 0
0.00525146 0.997626 0.998812 0
0.00525879 0.997572 0.998785 0
0.00526611 0.997517 0.998758 0
0.00527344 0.997462 0.99873 0
0.00528076 0.997405 0.998702 0
0.00528809 0.997347 0.998672 0
0.00529541 0.997287 0.998643 0
0.00530273 0.997227 0.998612 0
0.00531006 0.997165 0.998581 0
0.00531738 0.997102 0.99855 0
0.00532471 0.997037 0.998518 0
0.00533203 0.996972 0.998485 0
0.00533936 0.996904 0.998451 0
0.00534668 0.996836 0.998417 0
0.005354 0.996766 0.998382 0
0.00536133 0.996695 0.998346 0
0.00536865 0.996622 0.998309 0
0.00537598 0.996547 0.998272 0
0.0053833 0.996471 0.998234 0
0.00539062 0.996394 0.998195 0
0.00539795 0.996315 0.998156 0
0.00540527 0.996234 0.998115 0
0.0054126 0.996152 0.998074 0
0.00541992 0.996068 0.998032 0
0.00542725 0.995982 0.997989 0
0.00543457 0.995895 0.997945 0
0.00544189 0.995806 0.997901 0
0.00544922 0.995714 0.997855 0
0.00545654 0.995622 0.997808 0
0.00546387 0.995527 0.997761 0
0.00547119 0.99543 0.997712 0
0.00547852 0.995331 0.997663 0
0.00548584 0.995231 0.997613 0
0.00549316 0.995128 0.997561 0
0.00550049 0.995023 0.997509 0
0.00550781 0.994917 0.997455 0
0.00551514 0.994808 0.9974 0
0.00552246 0.994697 0.997345 0
0.00552979 0.994583 0.997288 0
0.00553711 0.994468 0.99723 0
0.00554443 0.99435 0.997171 0
0.00555176 0.994229 0.997111 0
0.00555908 0.994107 0.997049 0
0.00556641 0.993982 0.996986 0
0.00557373 0.993854 0.996922 0
0.00558105 0.993724 0.996857 0
0.00558838 0.993591 0.996791 0
0.0055957 0.993456 0.996723 0
0.00560303 0.993318 0.996653 0
0.00561035 0.993177 0.996583 0
0.00561768 0.993034 0.996511 0
0.005625 0.992888 0.996438 0
0.00563232 0.992739 0.996363 0
0.00563965 0.992587 0.996286 0
0.00564697 0.992432 0.996209 0
0.0056543 0.992274 0.996129 0
0.00566162 0.992113 0.996049 0
0.00566895 0.991949 0.995966 0
0.00567627 0.991781 0.995882 0
0.00568359 0.991611 0.995796 0
0.00569092 0.991437 0.995709 0
0.00569824 0.991259 0.99562 0
0.00570557 0.991079 0.995529 0
0.00571289 0.990895 0.995437 0
0.00572021 0.990707 0.995343 0
0.00572754 0.990516 0.995246 0
0.00573486 0.990321 0.995149 0
0.00574219 0.990122 0.995049 0
0.00574951 0.989919 0.994947 0
0.00575684 0.989713 0.994843 0
0.00576416 0.989503 0.994738 0
0.00577148 0.989288 0.99463 0
0.00577881 0.98907 0.99452 0
0.00578613 0.988848 0.994408 0
0.00579346 0.988621 0.994294 0
0.00580078 0.98839 0.994178 0
0.00580811 0.988154 0.99406 0
0.00581543 0.987915 0.993939 0
0.00582275 0.98767 0.993816 0
0.00583008 0.987421 0.993691 0
0.0058374 0.987168 0.993563 0
0.00584473 0.986909 0.993433 0
0.00585205 0.986646 0.993301 0
0.00585938 0.986378 0.993166 0
0.0058667 0.986105 0.993028 0
0.00587402 0.985827 0.992888 0
0.00588135 0.985544 0.992745 0
0.00588867 0.985255 0.9926 0
0.005896 0.984961 0.992452 0
0.00590332 0.984662 0.992301 0
0.00591064 0.984357 0.992148 0
0.00591797 0.984046 0.991991 0
0.00592529 0.98373 0.991832 0
0.00593262 0.983408 0.991669 0
0.00593994 0.98308 0.991504 0
0.00594727 0.982746 0.991335 0
0.00595459 0.982406 0.991164 0
0.00596191 0.982059 0.990989 0
0.00596924 0.981707 0.990811 0
0.00597656 0.981348 0.99063 0
0.00598389 0.980982 0.990445 0
0.00599121 0.98061 0.990258 0
0.00599854 0.980231 0.990066 0
0.00600586 0.979845 0.989871 0
0.00601318 0.979452 0.989673 0
0.00602051 0.979053 0.989471 0
0.00602783 0.978645 0.989265 0
0.00603516 0.978231 0.989056 0
0.00604248 0.977809 0.988842 0
0.0060498 0.97738 0.988625 0
0.00605713 0.976943 0.988404 0
0.00606445 0.976498 0.988179 0
0.00607178 0.976045 0.98795 0
0.0060791 0.975585 0.987717 0
0.00608643 0.975116 0.987479 0
0.00609375 0.974638 0.987238 0
0.00610107 0.974153 0.986992 0
0.0061084 0.973658 0.986741 0
0.00611572 0.973155 0.986486 0
0.00612305 0.972643 0.986227 0
0.00613037 0.972123 0.985963 0
0.0061377 0.971593 0.985694 0
0.00614502 0.971053 0.98542 0
0.00615234 0.970505 0.985142 0
0.00615967 0.969946 0.984859 0
0.00616699 0.969378 0.98457 0
0.00617432 0.9688 0.984277 0
0.00618164 0.968213 0.983978 0
0.00618896 0.967615 0.983674 0
0.00619629 0.967006 0.983365 0
0.00620361 0.966387 0.98305 0
0.00621094 0.965758 0.98273 0
0.00621826 0.965118 0.982404 0
0.00622559 0.964466 0.982072 0
0.00623291 0.963804 0.981735 0
0.00624023 0.96313 0.981392 0
0.00624756 0.962445 0.981043 0
0.00625488 0.961748 0.980687 0
0.00626221 0.961039 0.980326 0
0.00626953 0.960318 0.979958 0
0.00627686 0.959586 0.979584 0
0.00628418 0.95884 0.979204 0
0.0062915 0.958082 0.978817 0
0.00629883 0.957312 0.978423 0
0.00630615 0.956528 0.978023 0
0.00631348 0.955732 0.977615 0
0.0063208 0.954922 0.977201 0
0.00632812 0.954098 0.97678 0
0.00633545 0.953261 0.976351 0
0.00634277 0.95241 0.975915 0
0.0063501 0.951545 0.975472 0
0.00635742 0.950666 0.975021 0
0.00636475 0.949772 0.974563 0
0.00637207 0.948864 0.974096 0
0.00637939 0.94794 0.973622 0
0.00638672 0.947001 0.97314 0
0.00639404 0.946048 0.97265 0
0.00640137 0.945078 0.972151 0
0.00640869 0.944093 0.971644 0
0.00641602 0.943092 0.971129 0
0.00642334 0.942074 0.970605 0
0.00643066 0.94104 0.970072 0
0.00643799 0.93999 0.969531 0
0.00644531 0.938923 0.96898 0
0.00645264 0.937838 0.96842 0
0.00645996 0.936736 0.967851 0
0.00646729 0.935617 0.967273 0
0.00647461 0.93448 0.966685 0
0.00648193 0.933325 0.966087 0
0.00648926 0.932151 0.96548 0
0.00649658 0.930959 0.964862 0
0.00650391 0.929748 0.964235 0
0.00651123 0.928518 0.963597 0
0.00651855 0.927269 0.962948 0
0.00652588 0.926001 0.962289 0
0.0065332 0.924712 0.96162 0
0.00654053 0.923404 0.960939 0
0.00654785 0.922076 0.960248 0
0.00655518 0.920726 0.959545 0
0.0065625 0.919357 0.958831 0
0.00656982 0.917966 0.958105 0
0.00657715 0.916553 0.957368 0
0.00658447 0.91512 0.956619 0
0.0065918 0.913664 0.955858 0
0.00659912 0.912186 0.955084 0
0.00660645 0.910686 0.954299 0
0.00661377 0.909164 0.953501 0
0.00662109 0.907618 0.95269 0
0.00662842 0.906049 0.951866 0
0.00663574 0.904457 0.951029 0
0.00664307 0.902841 0.95018 0
0.00665039 0.901201 0.949316 0
0.00665771 0.899537 0.948439 0
0.00666504 0.897848 0.947549 0
0.00667236 0.896135 0.946644 0
0.00667969 0.894396 0.945725 0
0.00668701 0.892632 0.944792 0
0.00669434 0.890843 0.943845 0
0.00670166 0.889027 0.942882 0
0.00670898 0.887185 0.941905 0
0.00671631 0.885317 0.940913 0
0.00672363 0.883422 0.939905 0
0.00673096 0.8815 0.938882 0
0.00673828 0.879551 0.937844 0
0.00674561 0.877573 0.936789 0
0.00675293 0.875568 0.935718 0
0.00676025 0.873535 0.934631 0
0.00676758 0.871474 0.933528 0
0.0067749 0.869383 0.932407 0
0.00678223 0.867264 0.93127 0
0.00678955 0.865115 0.930116 0
0.00679687 0.862937 0.928944 0
0.0068042 0.860728 0.927754 0
0.00681152 0.85849 0.926547 0
0.00681885 0.856221 0.925322 0
0.00682617 0.853922 0.924079 0
0.0068335 0.851591 0.922817 0
0.00684082 0.849229 0.921536 0
0.00684814 0.846836 0.920237 0
0.00685547 0.844411 0.918918 0
0.00686279 0.841954 0.91758 0
0.00687012 0.839464 0.916223 0
0.00687744 0.836942 0.914845 0
0.00688477 0.834387 0.913448 0
0.00689209 0.831799 0.91203 0
0.00689941 0.829178 0.910592 0
0.00690674 0.826523 0.909133 0
0.00691406 0.823834 0.907653 0
0.00692139 0.821111 0.906152 0
0.00692871 0.818354 0.904629 0
0.00693604 0.815562 0.903085 0
0.00694336 0.812735 0.901518 0
0.00695068 0.809873 0.89993 0
0.00695801 0.806976 0.898318 0
0.00696533 0.804044 0.896685 0
0.00697266 0.801075 0.895028 0
0.00697998 0.798071 0.893348 0
0.0069873 0.795031 0.891645 0
0.00699463 0.791954 0.889918 0
0.00700195 0.788841 0.888167 0
0.00700928 0.785691 0.886392 0
0.0070166 0.782504 0.884593 0
0.00702393 0.779281 0.882769 0
0.00703125 0.77602 0.88092 0
0.00703857 0.772721 0.879046 0
0.0070459 0.769385 0.877146 0
0.00705322 0.766012 0.875221 0
0.00706055 0.7626 0.87327 0
0.00706787 0.759151 0.871293 0
0.0070752 0.755663 0.869289 0
0.00708252 0.752138 0.867259 0
0.00708984 0.748574 0.865202 0
0.00709717 0.744972 0.863117 0
0.00710449 0.741331 0.861006 0
0.00711182 0.737652 0.858866 0
0.00711914 0.733934 0.856699 0
0.00712646 0.730177 0.854504 0
0.00713379 0.726382 0.85228 0
0.00714111 0.722548 0.850028 0
0.00714844 0.718675 0.847747 0
0.00715576 0.714764 0.845437 0
0.00716309 0.710814 0.843098 0
0.00717041 0.706825 0.840729 0
0.00717773 0.702798 0.83833 0
0.00718506 0.698732 0.835902 0
0.00719238 0.694627 0.833443 0
0.00719971 0.690484 0.830954 0
0.00720703 0.686302 0.828434 0
0.00721436 0.682082 0.825883 0
0.00722168 0.677824 0.823301 0
0.007229 0.673528 0.820687 0
0.00723633 0.669194 0.818043 0
0.00724365 0.664822 0.815366 0
0.00725098 0.660412 0.812657 0
0.0072583 0.655965 0.809917 0
0.00726562 0.651481 0.807144 0
0.00727295 0.64696 0.804338 0
0.00728027 0.642402 0.8015 0
0.0072876 0.637808 0.798629 0
0.00729492 0.633177 0.795724 0
0.00730225 0.628511 0.792787 0
0.00730957 0.623809 0.789816 0
0.00731689 0.619072 0.786811 0
0.00732422 0.6143 0.783773 0
0.00733154 0.609494 0.780701 0
0.00733887 0.604653 0.777594 0
0.00734619 0.599779 0.774454 0
0.00735352 0.594871 0.771279 0
0.00736084 0.589931 0.76807 0
0.00736816 0.584958 0.764826 0
0.00737549 0.579954 0.761547 0
0.00738281 0.574918 0.758233 0
0.00739014 0.569851 0.754885 0
0.00739746 0.564754 0.751501 0
0.00740479 0.559628 0.748083 0
0.00741211 0.554472 0.744629 0
0.00741943 0.549288 0.74114 0
0.00742676 0.544077 0.737616 0
0.00743408 0.538838 0.734056 0
0.00744141 0.533573 0.730461 0
0.00744873 0.528282 0.72683 0
0.00745605 0.522966 0.723164 0
0.00746338 0.517625 0.719462 0
0.0074707 0.512262 0.715725 0
0.00747803 0.506875 0.711952 0
0.00748535 0.501467 0.708144 0
0.00749268 0.496038 0.7043 0
0.0075 0.490589 0.700421 0
0.00750732 0.485121 0.696506 0
0.00751465 0.479634 0.692556 0
0.00752197 0.47413 0.688571 0
0.0075293 0.468609 0.684551 0
0.00753662 0.463074 0.680495 0
0.00754395 0.457523 0.676405 0
0.00755127 0.451959 0.672279 0
0.00755859 0.446383 0.668119 0
0.00756592 0.440796 0.663924 0
0.00757324 0.435198 0.659695 0
0.00758057 0.429591 0.655432 0
0.00758789 0.423976 0.651134 0
0.00759521 0.418354 0.646803 0
0.00760254 0.412726 0.642438 0
0.00760986 0.407094 0.638039 0
0.00761719 0.401459 0.633608 0
0.00762451 0.395821 0.629143 0
0.00763184 0.390182 0.624646 0
0.00763916 0.384544 0.620116 0
0.00764648 0.378907 0.615555 0
0.00765381 0.373274 0.610961 0
0.00766113 0.367644 0.606336 0
0.00766846 0.36202 0.601681 0
0.00767578 0.356402 0.596994 0
0.00768311 0.350793 0.592277 0
0.00769043 0.345193 0.587531 0
0.00769775 0.339603 0.582755 0
0.00770508 0.334026 0.57795 0
0.0077124 0.328462 0.573116 0
0.00771973 0.322914 0.568255 0
0.00772705 0.317381 0.563366 0
0.00773437 0.311866 0.55845 0
0.0077417 0.30637 0.553507 0
0.00774902 0.300894 0.548538 0
0.00775635 0.29544 0.543544 0
0.00776367 0.29001 0.538525 0
0.007771 0.284603 0.533482 0
0.00777832 0.279223 0.528416 0
0.00778564 0.27387 0.523326 0
0.00779297 0.268546 0.518215 0
0.00780029 0.263252 0.513081 0
0.00780762 0.25799 0.507927 0
0.00781494 0.25276 0.502753 0
0.00782227 0.247565 0.497559 0
0.00782959 0.242405 0.492346 0
0.00783691 0.237282 0.487116 0
0.00784424 0.232197 0.481869 0
0.00785156 0.227152 0.476605 0
0.00785889 0.222148 0.471326 0
0.00786621 0.217186 0.466032 0
0.00787354 0.212267 0.460724 0
0.00788086 0.207393 0.455404 0
0.00788818 0.202565 0.450072 0
0.00789551 0.197783 0.444728 0
0.00790283 0.19305 0.439375 0
0.00791016 0.188367 0.434012 0
0.00791748 0.183734 0.428642 0
0.0079248 0.179152 0.423264 0
0.00793213 0.174623 0.417879 0
0.00793945 0.170148 0.41249 0
0.00794678 0.165728 0.407097 0
0.0079541 0.161363 0.4017 0
0.00796143 0.157055 0.396302 0
0.00796875 0.152804 0.390902 0
0.00797607 0.148612 0.385503 0
0.0079834 0.14448 0.380105 0
0.00799072 0.140407 0.374709 0
0.00799805 0.136395 0.369317 0
0.00800537 0.132444 0.363929 0
0.0080127 0.128556 0.358547 0
0.00802002 0.124731 0.353172 0
0.00802734 0.120969 0.347805 0
0.00803467 0.117271 0.342448 0
0.00804199 0.113637 0.337101 0
0.00804932 0.110068 0.331766 0
0.00805664 0.106565 0.326443 0
0.00806396 0.103127 0.321135 0
0.00807129 0.0997558 0.315841 0
0.00807861 0.0964505 0.310565 0
0.00808594 0.0932116 0.305306 0
0.00809326 0.0900395 0.300066 0
0.00810059 0.0869341 0.294846 0
0.00810791 0.0838957 0.289648 0
0.00811523 0.0809241 0.284472 0
0.00812256 0.0780195 0.27932 0
0.00812988 0.0751817 0.274193 0
0.00813721 0.0724105 0.269092 0
0.00814453 0.069706 0.264019 0
0.00815186 0.0670677 0.258974 0
0.00815918 0.0644956 0.25396 0
0.0081665 0.0619892 0.248976 0
0.00817383 0.0595482 0.244025 0
0.00818115 0.0571723 0.239107 0
0.00818848 0.054861 0.234224 0
0.0081958 0.0526138 0.229377 0
0.00820313 0.0504301 0.224566 0
0.00821045 0.0483095 0.219794 0
0.00821777 0.0462512 0.215061 0
0.0082251 0.0442548 0.210368 0
0.00823242 0.0423193 0.205717 0
0.00823975 0.0404442 0.201108 0
0.00824707 0.0386287 0.196542 0
0.00825439 0.036872 0.192021 0
0.00826172 0.0351732 0.187545 0
0.00826904 0.0335315 0.183116 0
0.00827637 0.031946 0.178735 0
0.00828369 0.0304158 0.174401 0
0.00829102 0.0289399 0.170117 0
0.00829834 0.0275174 0.165884 0
0.00830566 0.0261472 0.161701 0
0.00831299 0.0248283 0.15757 0
0.00832031 0.0235598 0.153492 0
0.00832764 0.0223405 0.149467 0
0.00833496 0.0211693 0.145497 0
0.00834229 0.0200452 0.141581 0
0.00834961 0.0189671 0.137721 0
0.00835693 0.0179338 0.133917 0
0.00836426 0.0169442 0.13017 0
0.00837158 0.0159973 0.12648 0
0.00837891 0.0150918 0.122849 0
0.00838623 0.0142266 0.119275 0
0.00839355 0.0134006 0.115761 0
0.00840088 0.0126125 0.112306 0
0.0084082 0.0118614 0.10891 0
0.00841553 0.011146 0.105575 0
0.00842285 0.0104652 0.102299 0
0.00843018 0.0098178 0.0990848 0
0.0084375 0.00920278 0.0959311 0
0.00844482 0.00861896 0.0928384 0
0.00845215 0.00806526 0.0898068 0
0.00845947 0.00754058 0.0868365 0
0.0084668 0.00704384 0.0839276 0
0.00847412 0.00657396 0.08108 0
0.00848145 0.0061299 0.0782937 0
0.00848877 0.00571063 0.0755687 0
0.00849609 0.00531513 0.072905 0
0.00850342 0.0049424 0.0703022 0
0.00851074 0.00459147 0.0677604 0
0.00851807 0.00426137 0.0652792 0
0.00852539 0.00395118 0.0628584 0
0.00853271 0.00365998 0.0604978 0
0.00854004 0.00338688 0.0581969 0
0.00854736 0.00313101 0.0559554 0
0.00855469 0.00289153 0.0537729 0
0.00856201 0.00266762 0.051649 0
0.00856934 0.00245849 0.0495832 0
0.00857666 0.00226337 0.0475749 0
0.00858398 0.00208152 0.0456237 0
0.00859131 0.00191221 0.0437288 0
0.00859863 0.00175476 0.0418898 0
0.00860596 0.00160849 0.040106 0
0.00861328 0.00147277 0.0383767 0
0.00862061 0.00134697 0.0367012 0
0.00862793 0.00123051 0.0350787 0
0.00863525 0.00112282 0.0335085 0
0.00864258 0.00102335 0.0319899 0
0.0086499 0.000931589 0.0305219 0
0.00865723 0.000847037 0.0291039 0
0.00866455 0.000769223 0.0277349 0
0.00867187 0.000697699 0.026414 0
0.0086792 0.000632039 0.0251404 0
0.00868652 0.000571837 0.0239131 0
0.00869385 0.000516711 0.0227313 0
0.00870117 0.000466298 0.0215939 0
0.0087085 0.000420255 0.0205001 0
0.00871582 0.000378259 0.0194489 0
0.00872314 0.000340005 0.0184392 0
0.00873047 0.000305207 0.0174702 0
0.00873779 0.000273596 0.0165407 0
0.00874512 0.00024492 0.0156499 0
0.00875244 0.000218943 0.0147967 0
0.00875977 0.000195444 0.0139801 0
0.00876709 0.000174217 0.0131991 0
0.00877441 0.000155071 0.0124527 0
0.00878174 0.000137827 0.01174 0
0.00878906 0.000122318 0.0110598 0
0.00879639 0.000108392 0.0104111 0
0.00880371 9.59054e-05 0.00979313 0
0.00881104 8.4727e-05 0.00920473 0
0.00881836 7.47352e-05 0.00864495 0
0.00882568 6.58181e-05 0.00811283 0
0.00883301 5.78728e-05 0.00760742 0
0.00884033 5.08047e-05 0.00712774 0
0.00884766 4.45273e-05 0.00667288 0
0.00885498 3.89613e-05 0.0062419 0
0.0088623 3.40342e-05 0.00583389 0
0.00886963 2.96801e-05 0.00544795 0
0.00887695 2.5839e-05 0.00508321 0
0.00888428 2.24561e-05 0.00473879 0
0.0088916 1.94821e-05 0.00441386 0
0.00889893 1.68722e-05 0.00410758 0
0.00890625 1.45858e-05 0.00381913 0
0.00891357 1.25864e-05 0.00354774 0
0.0089209 1.08413e-05 0.00329262 0
0.00892822 9.32092e-06 0.00305302 0
0.00893555 7.99876e-06 0.00282821 0
0.00894287 6.85116e-06 0.00261747 0
0.0089502 5.857e-06 0.00242012 0
0.00895752 4.9974e-06 0.00223549 0
0.00896484 4.25563e-06 0.00206292 0
0.00897217 3.61678e-06 0.00190178 0
0.00897949 3.06768e-06 0.00175148 0
0.00898682 2.59668e-06 0.00161142 0
0.00899414 2.19349e-06 0.00148104 0
0.00900146 1.84907e-06 0.0013598 0
0.00900879 1.55546e-06 0.00124718 0
0.00901611 1.3057e-06 0.00114267 0
0.00902344 1.09369e-06 0.0010458 0
0.00903076 9.14124e-07 0.000956099 0
0.00903809 7.62363e-07 0.000873134 0
0.00904541 6.34387e-07 0.000796484 0
0.00905273 5.2671e-07 0.000725748 0
0.00906006 4.36317e-07 0.000660543 0
0.00906738 3.60608e-07 0.000600507 0
0.00907471 2.97344e-07 0.000545293 0
0.00908203 2.44604e-07 0.000494575 0
0.00908936 2.00741e-07 0.000448041 0
0.00909668 1.64348e-07 0.000405398 0
0.009104 1.34226e-07 0.000366369 0
0.00911133 1.09356e-07 0.00033069 0
0.00911865 8.88725e-08 0.000298115 0
0.00912598 7.20445e-08 0.000268411 0
0.0091333 5.82547e-08 0.00024136 0
0.00914062 4.69833e-08 0.000216756 0
0.00914795 3.77944e-08 0.000194408 0
0.00915527 3.03228e-08 0.000174134 0
0.0091626 2.42637e-08 0.000155768 0
0.00916992 1.93631e-08 0.000139152 0
0.00917725 1.54104e-08 0.000124139 0
0.00918457 1.22309e-08 0.000110593 0
0.00919189 9.68043e-09 9.83892e-05 0
0.00919922 7.6403e-09 8.74088e-05 0
0.00920654 6.01299e-09 7.75435e-05 0
0.00921387 4.7187e-09 6.86928e-05 0
0.00922119 3.69225e-09 6.07639e-05 0
0.00922852 2.8806e-09 5.36712e-05 0
0.00923584 2.2407e-09 4.73361e-05 0
0.00924316 1.73772e-09 4.1686e-05 0
0.00925049 1.34355e-09 3.66545e-05 0
0.00925781 1.03561e-09 3.21809e-05 0
0.00926514 7.95769e-10 2.82094e-05 0
0.00927246 6.09556e-10 2.46892e-05 0
0.00927979 4.65436e-10 2.1574e-05 0
0.00928711 3.54251e-10 1.88216e-05 0
0.00929443 2.68752e-10 1.63936e-05 0
0.00930176 2.03219e-10 1.42555e-05 0
0.00930908 1.53157e-10 1.23757e-05 0
0.00931641 1.15041e-10 1.07257e-05 0
0.00932373 8.61173e-11 9.27994e-06 0
0.00933105 6.4245e-11 8.0153e-06 0
0.00933838 4.77618e-11 6.91099e-06 0
0.0093457 3.53833e-11 5.94839e-06 0
0.00935303 2.61202e-11 5.11079e-06 0
0.00936035 1.9213e-11 4.38327e-06 0
0.00936768 1.40812e-11 3.7525e-06 0
0.009375 1.02824e-11 3.20662e-06 0
0.00938232 7.48062e-12 2.73507e-06 0
0.00938965 5.42193e-12 2.3285e-06 0
0.00939697 3.91494e-12 1.97862e-06 0
0.0094043 2.816e-12 1.67809e-06 0
0.00941162 2.01771e-12 1.42046e-06 0
0.00941895 1.44008e-12 1.20003e-06 0
0.00942627 1.02375e-12 1.0118e-06 0
0.00943359 7.24877e-13 8.51397e-07 0
0.00944092 5.11186e-13 7.14973e-07 0
0.00944824 3.59019e-13 5.99182e-07 0
0.00945557 2.51109e-13 5.01108e-07 0
0.00946289 1.74901e-13 4.18211e-07 0
0.00947021 1.21307e-13 3.48292e-07 0
0.00947754 8.37778e-14 2.89444e-07 0
0.00948486 5.76097e-14 2.4002e-07 0
0.00949219 3.94428e-14 1.98602e-07 0
0.00949951 2.68859e-14 1.63969e-07 0
0.00950684 1.82451e-14 1.35074e-07 0
0.00951416 1.23257e-14 1.11021e-07 0
0.00952148 8.28887e-15 9.10432e-08 0
0.00952881 5.54857e-15 7.44887e-08 0
0.00953613 3.69697e-15 6.08027e-08 0
0.00954346 2.4517e-15 4.95146e-08 0
0.00955078 1.61816e-15 4.02264e-08 0
0.00955811 1.06289e-15 3.26021e-08 0
0.00956543 6.94781e-16 2.63587e-08 0
0.00957275 4.51932e-16 2.12587e-08 0
0.00958008 2.92511e-16 1.7103e-08 0
0.0095874 1.88379e-16 1.37251e-08 0
0.00959473 1.20703e-16 1.09865e-08 0
0.00960205 7.6945e-17 8.77183e-09 0
0.00960937 4.87968e-17 6.98547e-09 0
0.0096167 3.07842e-17 5.54835e-09 0
0.00962402 1.93182e-17 4.39525e-09 0
0.00963135 1.20582e-17 3.47249e-09 0
0.00963867 7.48597e-18 2.73605e-09 0
0.009646 4.62212e-18 2.14991e-09 0
0.00965332 2.83815e-18 1.68468e-09 0
0.00966064 1.73303e-18 1.31645e-09 0
0.00966797 1.05227e-18 1.0258e-09 0
0.00967529 6.35287e-19 7.97049e-10 0
0.00968262 3.81339e-19 6.17527e-10 0
0.00968994 2.27574e-19 4.77047e-10 0
0.00969727 1.35014e-19 3.67442e-10 0
0.00970459 7.96252e-20 2.82179e-10 0
0.00971191 4.6678e-20 2.16051e-10 0
0.00971924 2.71978e-20 1.64918e-10 0
0.00972656 1.57503e-20 1.255e-10 0
0.00973389 9.06465e-21 9.52085e-11 0
0.00974121 5.18428e-21 7.2002e-11 0
0.00974854 2.94628e-21 5.42796e-11 0
0.00975586 1.66371e-21 4.07886e-11 0
0.00976318 9.33406e-22 3.05517e-11 0
0.00977051 5.20263e-22 2.28093e-11 0
0.00977783 2.88075e-22 1.69728e-11 0
0.00978516 1.58448e-22 1.25876e-11 0
0.00979248 8.65639e-23 9.30397e-12 0
0.0097998 4.69704e-23 6.8535e-12 0
0.00980713 2.53116e-23 5.03106e-12 0
0.00981445 1.35453e-23 3.68039e-12 0
0.00982178 7.19783e-24 2.68288e-12 0
0.0098291 3.79775e-24 1.94878e-12 0
0.00983643 1.98943e-24 1.41047e-12 0
0.00984375 1.03462e-24 1.01716e-12 0
0.00985107 5.34124e-25 7.30838e-13 0
0.0098584 2.73706e-25 5.23169e-13 0
0.00986572 1.39211e-25 3.7311e-13 0
0.00987305 7.02706e-26 2.65086e-13 0
0.00988037 3.52008e-26 1.87619e-13 0
0.0098877 1.74974e-26 1.32278e-13 0
0.00989502 8.62986e-27 9.2897e-14 0
0.00990234 4.22285e-27 6.49835e-14 0
0.00990967 2.04996e-27 4.52765e-14 0
0.00991699 9.87157e-28 3.14191e-14 0
0.00992432 4.71511e-28 2.17143e-14 0
0.00993164 2.2337e-28 1.49456e-14 0
0.00993896 1.04942e-28 1.02441e-14 0
0.00994629 4.88907e-29 6.99219e-15 0
0.00995361 2.25849e-29 4.75236e-15 0
0.00996094 1.0344e-29 3.21621e-15 0
0.00996826 4.69677e-30 2.1672e-15 0
0.00997559 2.11402e-30 1.45397e-15 0
0.00998291 9.43145e-31 9.71156e-16 0
0.00999023 4.17032e-31 6.4578e-16 0
0.00999756 1.82743e-31 4.27485e-16 0
0.0100049 7.93514e-32 2.81694e-16 0
0.0100122 3.41403e-32 1.84771e-16 0
0.0100195 1.45525e-32 1.20634e-16 0
0.0100269 6.14506e-33 7.83905e-17 0
0.0100342 2.57033e-33 5.06985e-17 0
0.0100415 1.06484e-33 3.26319e-17 0
0.0100488 4.36889e-34 2.09019e-17 0
0.0100562 1.77502e-34 1.3323e-17 0
0.0100635 7.14068e-35 8.45026e-18 0
0.0100708 2.84403e-35 5.33295e-18 0
0.0100781 1.12136e-35 3.34867e-18 0
0.0100854 4.37646e-36 2.092e-18 0
0.0100928 1.69054e-36 1.30021e-18 0
0.0101001 6.46262e-37 8.03904e-19 0
0.0101074 2.44469e-37 4.94438e-19 0
0.0101147 9.15006e-38 3.02491e-19 0
0.0101221 3.38816e-38 1.8407e-19 0
0.0101294 1.24107e-38 1.11403e-19 0
0.0101367 4.49645e-39 6.70556e-20 0
0.010144 1.61117e-39 4.01393e-20 0
0.0101514 5.70895e-40 2.38934e-20 0
0.0101587 2.00018e-40 1.41428e-20 0
0.010166 6.92837e-41 8.32368e-21 0
0.0101733 2.37241e-41 4.87073e-21 0
0.0101807 8.02959e-42 2.83365e-21 0
0.010188 2.68592e-42 1.63888e-21 0
0.0101953 8.87842e-43 9.42254e-22 0
0.0102026 2.89982e-43 5.38499e-22 0
0.01021 9.35715e-44 3.05895e-22 0
0.0102173 2.98265e-44 1.72704e-22 0
0.0102246 9.39061e-45 9.69051e-23 0
0.0102319 2.91986e-45 5.40358e-23 0
0.0102393 8.96509e-46 2.99418e-23 0
0.0102466 2.71779e-46 1.64857e-23 0
0.0102539 8.1337e-47 9.0187e-24 0
0.0102612 2.4028e-47 4.90183e-24 0
0.0102686 7.00561e-48 2.64681e-24 0
0.0102759 2.01566e-48 1.41974e-24 0
0.0102832 5.72233e-49 7.56461e-25 0
0.0102905 1.60271e-49 4.00339e-25 0
0.0102979 4.42797e-50 2.10427e-25 0
0.0103052 1.2066e-50 1.09845e-25 0
0.0103125 3.24241e-51 5.69422e-26 0
0.0103198 8.59136e-52 2.9311e-26 0
0.0103271 2.24431e-52 1.4981e-26 0
0.0103345 5.7792e-53 7.6021e-27 0
0.0103418 1.46675e-53 3.82981e-27 0
0.0103491 3.66846e-54 1.91532e-27 0
0.0103564 9.04041e-55 9.50811e-28 0
0.0103638 2.19485e-55 4.68493e-28 0
0.0103711 5.24893e-56 2.29105e-28 0
0.0103784 1.23629e-56 1.11188e-28 0
0.0103857 2.86738e-57 5.35479e-29 0
0.0103931 6.54791e-58 2.55889e-29 0
0.0104004 1.47199e-58 1.21325e-29 0
0.0104077 3.25703e-59 5.70704e-30 0
0.010415 7.09231e-60 2.66314e-30 0
0.0104224 1.51961e-60 1.23273e-30 0
0.0104297 3.20324e-61 5.65971e-31 0
0.010437 6.64179e-62 2.57717e-31 0
0.0104443 1.35441e-62 1.16379e-31 0
0.0104517 2.7159e-63 5.21143e-32 0
0.010459 5.35429e-64 2.31393e-32 0
0.0104663 1.03764e-64 1.01864e-32 0
0.0104736 1.97636e-65 4.44563e-33 0
0.010481 3.69909e-66 1.9233e-33 0
0.0104883 6.80228e-67 8.2476e-34 0
0.0104956 1.22877e-67 3.50538e-34 0
0.0105029 2.18004e-68 1.4765e-34 0
0.0105103 3.79808e-69 6.16285e-35 0
0.0105176 6.49662e-70 2.54885e-35 0
0.0105249 1.09083e-70 1.04443e-35 0
0.0105322 1.79762e-71 4.23984e-36 0
0.0105396 2.90688e-72 1.70496e-36 0
0.0105469 4.61175e-73 6.79099e-37 0
0.0105542 7.1768e-74 2.67896e-37 0
0.0105615 1.09532e-74 1.04658e-37 0
0.0105688 1.63914e-75 4.04864e-38 0
0.0105762 2.40476e-76 1.55073e-38 0
0.0105835 3.45799e-77 5.88047e-39 0
0.0105908 4.87288e-78 2.20746e-39 0
0.0105981 6.72782e-79 8.20233e-40 0
0.0106055 9.09918e-80 3.01649e-40 0
0.0106128 1.20527e-80 1.09785e-40 0
0.0106201 1.56325e-81 3.95379e-41 0
0.0106274 1.98495e-82 1.40888e-41 0
0.0106348 2.46693e-83 4.96682e-42 0
0.0106421 3.00027e-84 1.73213e-42 0
0.0106494 3.57001e-85 5.97495e-43 0
0.0106567 4.15519e-86 2.03843e-43 0
0.0106641 4.7297e-87 6.87728e-44 0
0.0106714 5.26385e-88 2.29431e-44 0
0.0106787 5.72672e-89 7.56751e-45 0
0.010686 6.08899e-90 2.46759e-45 0
0.0106934 6.32595e-91 7.95359e-46 0
0.0107007 6.42024e-92 2.53382e-46 0
0.010708 6.36389e-93 7.9774e-47 0
0.0107153 6.15945e-94 2.48182e-47 0
0.0107227 5.81982e-95 7.62878e-48 0
0.01073 5.36692e-96 2.31666e-48 0
0.0107373 4.82933e-97 6.94934e-49 0
0.0107446 4.23929e-98 2.05895e-49 0
0.010752 3.62944e-99 6.02448e-50 0
0.0107593 3.02987e-100 1.74065e-50 0
0.0107666 2.46569e-101 4.96557e-51 0
0.0107739 1.9556e-102 1.39843e-51 0
0.0107812 1.51127e-103 3.8875e-52 0
0.0107886 1.13766e-104 1.06661e-52 0
0.0107959 8.3404e-106 2.88797e-53 0
0.0108032 5.95324e-107 7.71572e-54 0
0.0108105 4.1362e-108 2.03377e-54 0
0.0108179 2.79654e-109 5.28823e-55 0
0.0108252 1.83949e-110 1.35628e-55 0
0.0108325 1.17684e-111 3.43051e-56 0
0.0108398 7.32092e-113 8.55624e-57 0
0.0108472 4.42719e-114 2.10409e-57 0
0.0108545 2.60188e-115 5.10086e-58 0
0.0108618 1.48568e-116 1.21888e-58 0
0.0108691 8.23991e-118 2.87052e-59 0
0.0108765 4.43773e-119 6.66163e-60 0
0.0108838 2.32016e-120 1.52321e-60 0
0.0108911 1.17726e-121 3.43112e-61 0
0.0108984 5.79564e-123 7.61291e-62 0
0.0109058 2.76745e-124 1.66357e-62 0
0.0109131 1.2814e-125 3.57966e-63 0
0.0109204 5.75158e-127 7.58392e-64 0
0.0109277 2.50185e-128 1.58172e-64 0
0.0109351 1.05433e-129 3.24705e-65 0
0.0109424 4.30335e-131 6.56e-66 0
0.0109497 1.70067e-132 1.3041e-66 0
0.010957 6.50551e-134 2.55059e-67 0
0.0109644 2.40802e-135 4.90716e-68 0
0.0109717 8.6223e-137 9.28563e-69 0
0.010979 2.98561e-138 1.72789e-69 0
0.0109863 9.99434e-140 3.16138e-70 0
0.0109937 3.23332e-141 5.68623e-71 0
0.011001 1.01059e-142 1.00528e-71 0
0.0110083 3.0507e-144 1.74663e-72 0
0.0110156 8.89149e-146 2.98186e-73 0
0.0110229 2.50127e-147 5.00126e-74 0
0.0110303 6.78908e-149 8.23959e-75 0
0.0110376 1.77739e-150 1.33319e-75 0
0.0110449 4.48673e-152 2.11819e-76 0
0.0110522 1.0917e-153 3.30409e-77 0
0.0110596 2.5595e-155 5.05915e-78 0
0.0110669 5.78009e-157 7.60269e-79 0
0.0110742 1.25687e-158 1.1211e-79 0
0.0110815 2.63069e-160 1.62194e-80 0
0.0110889 5.29807e-162 2.30175e-81 0
0.0110962 1.02631e-163 3.20361e-82 0
0.0111035 1.91161e-165 4.3722e-83 0
0.0111108 3.4223e-167 5.85004e-84 0
0.0111182 5.88674e-169 7.67251e-85 0
0.0111255 9.72547e-171 9.86178e-86 0
0.0111328 1.54263e-172 1.24203e-86 0
0.0111401 2.34837e-174 1.53244e-87 0
0.0111475 3.42971e-176 1.85195e-88 0
0.0111548 4.80364e-178 2.19172e-89 0
0.0111621 6.44964e-180 2.53961e-90 0
0.0111694 8.29821e-182 2.88066e-91 0
0.0111768 1.02269e-183 3.19796e-92 0
0.0111841 1.20683e-185 3.47395e-93 0
0.0111914 1.36306e-187 3.69197e-94 0
0.0111987 1.47291e-189 3.83785e-95 0
0.0112061 1.52212e-191 3.90144e-96 0
0.0112134 1.5037e-193 3.87775e-97 0
0.0112207 1.41947e-195 3.76759e-98 0
0.011228 1.27988e-197 3.57755e-99 0
0.0112354 1.10181e-199 3.31935e-100 0
0.0112427 9.05208e-202 3.00867e-101 0
0.01125 7.09436e-204 2.66352e-102 0
0.0112573 5.30167e-206 2.30254e-103 0
0.0112646 3.77622e-208 1.94325e-104 0
0.011272 2.56246e-210 1.60077e-105 0
0.0112793 1.65584e-212 1.28679e-106 0
0.0112866 1.01847e-214 1.00919e-107 0
0.0112939 5.96006e-217 7.72014e-109 0
0.0113013 3.31687e-219 5.75922e-110 0
0.0113086 1.75461e-221 4.18881e-111 0
0.0113159 8.81882e-224 2.96965e-112 0
0.0113232 4.20933e-226 2.05167e-113 0
0.0113306 1.90715e-228 1.381e-114 0
0.0113379 8.19821e-231 9.05439e-116 0
0.0113452 3.34202e-233 5.78102e-117 0
0.0113525 1.29136e-235 3.59354e-118 0
0.0113599 4.72736e-238 2.17425e-119 0
0.0113672 1.63875e-240 1.28014e-120 0
0.0113745 5.3767e-243 7.3326e-122 0
0.0113818 1.66882e-245 4.08512e-123 0
0.0113892 4.89753e-248 2.21304e-124 0
0.0113965 1.35831e-250 1.16546e-125 0
0.0114038 3.55836e-253 5.9652e-127 0
0.0114111 8.80055e-256 2.96657e-128 0
0.0114185 2.05377e-258 1.4331e-129 0
0.0114258 4.52008e-261 6.72316e-131 0
0.0114331 9.37707e-264 3.0622e-132 0
0.0114404 1.83266e-266 1.35376e-133 0
0.0114478 3.37252e-269 5.80734e-135 0
0.0114551 5.84055e-272 2.41672e-136 0
0.0114624 9.51349e-275 9.75371e-138 0
0.0114697 1.45671e-277 3.81669e-139 0
0.0114771 2.09564e-280 1.44763e-140 0
0.0114844 2.83089e-283 5.32061e-142 0
0.0114917 3.58878e-286 1.89441e-143 0
0.011499 4.2672e-289 6.53238e-145 0
0.0115063 4.75622e-292 2.18087e-146 0
0.0115137 4.9665e-295 7.04734e-148 0
0.011521 4.85575e-298 2.20358e-149 0
0.0115283 4.44247e-301 6.66518e-151 0
0.0115356 3.80098e-304 1.94961e-152 0
0.011543 3.03956e-307 5.51322e-154 0
0.0115503 2.27043e-310 1.5068e-155 0
0.0115576 1.58316e-313 3.97889e-157 0
0.0115649 1.02989e-316 1.01483e-158 0
0.0115723 6.24647e-320 2.49931e-160 0
0.0115796 3.45846e-323 5.94157e-162 0
0.0115869 0 1.36302e-163 0
0.0115942 0 3.01636e-165 0
0.0116016 0 6.43737e-167 0
0.0116089 0 1.32445e-168 0
0.0116162 0 2.62619e-170 0
0.0116235 0 5.01692e-172 0
0.0116309 0 9.23046e-174 0
0.0116382 0 1.63509e-175 0
0.0116455 0 2.7877e-177 0
0.0116528 0 4.57287e-179 0
0.0116602 0 7.21478e-181 0
0.0116675 0 1.09446e-182 0
0.0116748 0 1.59575e-184 0
0.0116821 0 2.23548e-186 0
0.0116895 0 3.00789e-188 0
0.0116968 0 3.88584e-190 0
0.0117041 0 4.81818e-192 0
0.0117114 0 5.73193e-194 0
0.0117188 0 6.54002e-196 0
0.0117261 0 7.15417e-198 0
0.0117334 0 7.50031e-200 0
0.0117407 0 7.53318e-202 0
0.011748 0 7.2459e-204 0
0.0117554 0 6.67201e-206 0
0.0117627 0 5.87903e-208 0
0.01177 0 4.95531e-210 0
0.0117773 0 3.99379e-212 0
0.0117847 0 3.07664e-214 0
0.011792 0 2.26451e-216 0
0.0117993 0 1.59187e-218 0
0.0118066 0 1.06831e-220 0
0.011814 0 6.84182e-223 0
0.0118213 0 4.17977e-225 0
0.0118286 0 2.43478e-227 0
0.0118359 0 1.35181e-229 0
0.0118433 0 7.15054e-232 0
0.0118506 0 3.602e-234 0
0.0118579 0 1.72722e-236 0
0.0118652 0 7.88071e-239 0
0.0118726 0 3.41986e-241 0
0.0118799 0 1.41087e-243 0
0.0118872 0 5.53111e-246 0
0.0118945 0 2.05964e-248 0
0.0119019 0 7.28167e-251 0
0.0119092 0 2.44307e-253 0
0.0119165 0 7.77517e-256 0
0.0119238 0 2.34614e-258 0
0.0119312 0 6.70918e-261 0
0.0119385 0 1.81741e-263 0
0.0119458 0 4.66128e-266 0
0.0119531 0 1.1314e-268 0
0.0119604 0 2.59768e-271 0
0.0119678 0 5.63898e-274 0
0.0119751 0 1.15679e-276 0
0.0119824 0 2.24147e-279 0
0.0119897 0 4.1004e-282 0
0.0119971 0 7.07812e-285 0
0.0120044 0 1.15237e-287 0
0.0120117 0 1.7686e-290 0
0.012019 0 2.55749e-293 0
0.0120264 0 3.48273e-296 0
0.0120337 0 4.46401e-299 0
0.012041 0 5.38276e-302 0
0.0120483 0 6.10285e-305 0
0.0120557 0 6.50247e-308 0
0.012063 0 6.50748e-311 0
0.0120703 0 6.11369e-314 0
0.0120776 0 5.38909e-317 0
0.012085 0 4.4545e-320 0
0.0120923 0 3.45846e-323 0
0.0120996 0 0 0
0.0121069 0 0 0
0.0121143 0 0 0
0.0121216 0 0 0
0.0121289 0 0 0
0.0121362 0 0 0
0.0121436 0 0 0
0.0121509 0 0 0
0.0121582 0 0 0
0.0121655 0 0 0
0.0121729 0 0 0
0.0121802 0 0 0
0.0121875 0 0 0
0.0121948 0 0 0
0.0122021 0 0 0
0.0122095 0 0 0
0.0122168 0 0 0
0.0122241 0 0 0
0.0122314 0 0 0
0.0122388 0 0 0
0.0122461 0 0 0
0.0122534 0 0 0
0.0122607 0 0 0
0.0122681 0 0 0
0.0122754 0 0 0
0.0122827 0 0 0
0.01229 0 0 0
0.0122974 0 0 0
0.0123047 0 0 0
0.012312 0 0 0
0.0123193 0 0 0
0.0123267 0 0 0
0.012334 0 0 0
0.0123413 0 0 0
0.0123486 0 0 0
0.012356 0 0 0
0.0123633 0 0 0
0.0123706 0 0 0
0.0123779 0 0 0
0.0123853 0 0 0
0.0123926 0 0 0
0.0123999 0 0 0
0.0124072 0 0 0
0.0124146 0 0 0
0.0124219 0 0 0
0.0124292 0 0 0
0.0124365 0 0 0
0.0124438 0 0 0
0.0124512 0 0 0
0.0124585 0 0 0
0.0124658 0 0 0
0.0124731 0 0 0
0.0124805 0 0 0
0.0124878 0 0 0
0.0124951 0 0 0
0.0125024 0 0 0
0.0125098 0 0 0
0.0125171 0 0 0
0.0125244 0 0 0
0.0125317 0 0 0
0.0125391 0 0 0
0.0125464 0 0 0
0.0125537 0 0 0
0.012561 0 0 0
0.0125684 0 0 0
0.0125757 0 0 0
0.012583 0 0 0
0.0125903 0 0 0
0.0125977 0 0 0
0.012605 0 0 0
0.0126123 0 0 0
0.0126196 0 0 0
0.012627 0 0 0
0.0126343 0 0 0
0.0126416 0 0 0
0.0126489 0 0 0
0.0126562 0 0 0
0.0126636 0 0 0
0.0126709 0 0 0
0.0126782 0 0 0
0.0126855 0 0 0
0.0126929 0 0 0
0.0127002 0 0 0
0.0127075 0 0 0
0.0127148 0 0 0
0.0127222 0 0 0
0.0127295 0 0 0
0.0127368 0 0 0
0.0127441 0 0 0
0.0127515 0 0 0
0.0127588 0 0 0
0.0127661 0 0 0
0.0127734 0 0 0
0.0127808 0 0 0
0.0127881 0 0 0
0.0127954 0 0 0
0.0128027 0 0 0
0.0128101 0 0 0
0.0128174 0 0 0
0.0128247 0 0 0
0.012832 0 0 0
0.0128394 0 0 0
0.0128467 0 0 0
0.012854 0 0 0
0.0128613 0 0 0
0.0128687 0 0 0
0.012876 0 0 0
0.0128833 0 0 0
0.0128906 0 0 0
0.0128979 0 0 0
0.0129053 0 0 0
0.0129126 0 0 0
0.0129199 0 0 0
0.0129272 0 0 0
0.0129346 0 0 0
0.0129419 0 0 0
0.0129492 0 0 0
0.0129565 0 0 0
0.0129639 0 0 0
0.0129712 0 0 0
0.0129785 0 0 0
0.0129858 0 0 0
0.0129932 0 0 0
0.0130005 0 0 0
0.0130078 0 0 0
0.0130151 0 0 0
0.0130225 0 0 0
0.0130298 0 0 0
0.0130371 0 0 0
0.0130444 0 0 0
0.0130518 0 0 0
0.0130591 0 0 0
0.0130664 0 0 0
0.0130737 0 0 0
0.0130811 0 0 0
0.0130884 0 0 0
0.0130957 0 0 0
0.013103 0 0 0
0.0131104 0 0 0
0.0131177 0 0 0
0.013125 0 0 0
0.0131323 0 0 0
0.0131396 0 0 0
0.013147 0 0 0
0.0131543 0 0 0
0.0131616 0 0 0
0.0131689 0 0 0
0.0131763 0 0 0
0.0131836 0 0 0
0.0131909 0 0 0
0.0131982 0 0 0
0.0132056 0 0 0
0.0132129 0 0 0
0.0132202 0 0 0
0.0132275 0 0 0
0.0132349 0 0 0
0.0132422 0 0 0
0.0132495 0 0 0
0.0132568 0 0 0
0.0132642 0 0 0
0.0132715 0 0 0
0.0132788 0 0 0
0.0132861 0 0 0
0.0132935 0 0 0
0.0133008 0 0 0
0.0133081 0 0 0
0.0133154 0 0 0
0.0133228 0 0 0
0.0133301 0 0 0
0.0133374 0 0 0
0.0133447 0 0 0
0.0133521 0 0 0
0.0133594 0 0 0
0.0133667 0 0 0
0.013374 0 0 0
0.0133813 0 0 0
0.0133887 0 0 0
0.013396 0 0 0
0.0134033 0 0 0
0.0134106 0 0 0
0.013418 0 0 0
0.0134253 0 0 0
0.0134326 0 0 0
0.0134399 0 0 0
0.0134473 0 0 0
0.0134546 0 0 0
0.0134619 0 0 0
0.0134692 0 0 0
0.0134766 0 0 0
0.0134839 0 0 0
0.0134912 0 0 0
0.0134985 0 0 0
0.0135059 0 0 0
0.0135132 0 0 0
0.0135205 0 0 0
0.0135278 0 0 0
0.0135352 0 0 0
0.0135425 0 0 0
0.0135498 0 0 0
0.0135571 0 0 0
0.0135645 0 0 0
0.0135718 0 0 0
0.0135791 0 0 0
0.0135864 0 0 0
0.0135937 0 0 0
0.0136011 0 0 0
0.0136084 0 0 0
0.0136157 0 0 0
0.013623 0 0 0
0.0136304 0 0 0
0.0136377 0 0 0
0.013645 0 0 0
0.0136523 0 0 0
0.0136597 0 0 0
0.013667 0 0 0
0.0136743 0 0 0
0.0136816 0 0 0
0.013689 0 0 0
0.0136963 0 0 0
0.0137036 0 0 0
0.0137109 0 0 0
0.0137183 0 0 0
0.0137256 0 0 0
0.0137329 0 0 0
0.0137402 0 0 0
0.0137476 0 0 0
0.0137549 0 0 0
0.0137622 0 0 0
0.0137695 0 0 0
0.0137769 0 0 0
0.0137842 0 0 0
0.0137915 0 0 0
0.0137988 0 0 0
0.0138062 0 0 0
0.0138135 0 0 0
0.0138208 0 0 0
0.0138281 0 0 0
0.0138354 0 0 0
0.0138428 0 0 0
0.0138501 0 0 0
0.0138574 0 0 0
0.0138647 0 0 0
0.0138721 0 0 0
0.0138794 0 0 0
0.0138867 0 0 0
0.013894 0 0 0
0.0139014 0 0 0
0.0139087 0 0 0
0.013916 0 0 0
0.0139233 0 0 0
0.0139307 0 0 0
0.013938 0 0 0
0.0139453 0 0 0
0.0139526 0 0 0
0.01396 0 0 0
0.0139673 0 0 0
0.0139746 0 0 0
0.0139819 0 0 0
0.0139893 0 0 0
0.0139966 0 0 0
0.0140039 0 0 0
0.0140112 0 0 0
0.0140186 0 0 0
0.0140259 0 0 0
0.0140332 0 0 0
0.0140405 0 0 0
0.0140479 0 0 0
0.0140552 0 0 0
0.0140625 0 0 0
0.0140698 0 0 0
0.0140771 0 0 0
0.0140845 0 0 0
0.0140918 0 0 0
0.0140991 0 0 0
0.0141064 0 0 0
0.0141138 0 0 0
0.0141211 0 0 0
0.0141284 0 0 0
0.0141357 0 0 0
0.0141431 0 0 0
0.0141504 0 0 0
0.0141577 0 0 0
0.014165 0 0 0
0.0141724 0 0 0
0.0141797 0 0 0
0.014187 0 0 0
0.0141943 0 0 0
0.0142017 0 0 0
0.014209 0 0 0
0.0142163 0 0 0
0.0142236 0 0 0
0.014231 0 0 0
0.0142383 0 0 0
0.0142456 0 0 0
0.0142529 0 0 0
0.0142603 0 0 0
0.0142676 0 0 0
0.0142749 0 0 0
0.0142822 0 0 0
0.0142896 0 0 0
0.0142969 0 0 0
0.0143042 0 0 0
0.0143115 0 0 0
0.0143188 0 0 0
0.0143262 0 0 0
0.0143335 0 0 0
0.0143408 0 0 0
0.0143481 0 0 0
0.0143555 0 0 0
0.0143628 0 0 0
0.0143701 0 0 0
0.0143774 0 0 0
0.0143848 0 0 0
0.0143921 0 0 0
0.0143994 0 0 0
0.0144067 0 0 0
0.0144141 0 0 0
0.0144214 0 0 0
0.0144287 0 0 0
0.014436 0 0 0
0.0144434 0 0 0
0.0144507 0 0 0
0.014458 0 0 0
0.0144653 0 0 0
0.0144727 0 0 0
0.01448 0 0 0
0.0144873 0 0 0
0.0144946 0 0 0
0.014502 0 0 0
0.0145093 0 0 0
0.0145166 0 0 0
0.0145239 0 0 0
0.0145312 0 0 0
0.0145386 0 0 0
0.0145459 0 0 0
0.0145532 0 0 0
0.0145605 0 0 0
0.0145679 0 0 0
0.0145752 0 0 0
0.0145825 0 0 0
0.0145898 0 0 0
0.0145972 0 0 0
0.0146045 0 0 0
0.0146118 0 0 0
0.0146191 0 0 0
0.0146265 0 0 0
0.0146338 0 0 0
0.0146411 0 0 0
0.0146484 0 0 0
0.0146558 0 0 0
0.0146631 0 0 0
0.0146704 0 0 0
0.0146777 0 0 0
0.0146851 0 0 0
0.0146924 0 0 0
0.0146997 0 0 0
0.014707 0 0 0
0.0147144 0 0 0
0.0147217 0 0 0
0.014729 0 0 0
0.0147363 0 0 0
0.0147437 0 0 0
0.014751 0 0 0
0.0147583 0 0 0
0.0147656 0 0 0
0.0147729 0 0 0
0.0147803 0 0 0
0.0147876 0 0 0
0.0147949 0 0 0
0.0148022 0 0 0
0.0148096 0 0 0
0.0148169 0 0 0
0.0148242 0 0 0
0.0148315 0 0 0
0.0148389 0 0 0
0.0148462 0 0 0
0.0148535 0 0 0
0.0148608 0 0 0
0.0148682 0 0 0
0.0148755 0 0 0
0.0148828 0 0 0
0.0148901 0 0 0
0.0148975 0 0 0
0.0149048 0 0 0
0.0149121 0 0 0
0.0149194 0 0 0
0.0149268 0 0 0
0.0149341 0 0 0
0.0149414 0 0 0
0.0149487 0 0 0
0.0149561 0 0 0
0.0149634 0 0 0
0.0149707 0 0 0
0.014978 0 0 0
0.0149854 0 0 0
0.0149927 0 0 0
