0 0.934242 0.965564 0.043903
7.32422e-06 0.998765 0.998251 0.0475428
1.46484e-05 1.00979 1.00371 0.0485324
2.19727e-05 0.92884 0.962725 0.0447327
2.92969e-05 0.982623 0.990085 0.0485227
3.66211e-05 0.849945 0.920957 0.0422186
4.39453e-05 0.9138 0.954775 0.0469543
5.12695e-05 0.753612 0.867222 0.0392125
5.85937e-05 0.814829 0.901605 0.0440144
6.5918e-05 0.64338 0.801327 0.0354345
7.32422e-05 0.69528 0.83289 0.0396722
8.05664e-05 0.525583 0.724322 0.0306717
8.78906e-05 0.564887 0.750827 0.0338473
9.52148e-05 0.407451 0.63784 0.024731
0.000102539 0.433336 0.657751 0.0264601
0.000109863 0.296099 0.54387 0.0174431
0.000117187 0.309637 0.556176 0.0174607
0.000124512 0.197778 0.444637 0.00867884
0.000131836 0.201439 0.448767 0.00685103
0.00013916 0.117318 0.342513 -0.00163025
0.000146484 0.114462 0.338282 -0.00529625
0.000153809 0.0577478 0.23993 -0.0134724
0.000161133 0.0521129 0.227505 -0.0188238
0.000168457 0.0201211 0.139306 -0.0267382
0.000175781 0.0153235 0.119175 -0.0334793
0.000183105 0.00354463 0.0429712 -0.0412082
0.00019043 0.00264526 0.0159049 -0.0489111
0.000197754 0.0053973 -0.0469034 -0.0565454
0.000205078 0.0105643 -0.0798882 -0.0646696
0.000212402 0.0217052 -0.128369 -0.072296
0.000219727 0.0340083 -0.166054 -0.080215
0.000227051 0.0476276 -0.199754 -0.087897
0.000234375 0.0669815 -0.240768 -0.094932
0.000241699 0.0779987 -0.259718 -0.102691
0.000249023 0.103257 -0.302589 -0.10815
0.000256348 0.107866 -0.30728 -0.115951
0.000263672 0.137046 -0.350492 -0.119172
0.000270996 0.132968 -0.341852 -0.126909
0.00027832 0.163585 -0.383901 -0.127299
0.000285645 0.150117 -0.363246 -0.134793
0.000292969 0.179556 -0.402697 -0.131875
0.000300293 0.157428 -0.371678 -0.138865
0.000307617 0.183334 -0.407219 -0.132313
0.000314941 0.154413 -0.367749 -0.13847
0.000322266 0.175015 -0.39824 -0.128138
0.00032959 0.141906 -0.352418 -0.133071
0.000336914 0.156247 -0.376937 -0.119019
0.000344238 0.12186 -0.326962 -0.122295
0.000351562 0.129895 -0.344836 -0.104799
0.000358887 0.0970344 -0.292925 -0.105968
0.000366211 0.0995816 -0.303756 -0.0855213
0.000373535 0.0706115 -0.252055 -0.0841427
0.000380859 0.0691745 -0.255733 -0.0614438
0.000388184 0.0457945 -0.206232 -0.0571215
0.000395508 0.0422753 -0.202936 -0.0330482
0.000402832 0.0254234 -0.157401 -0.0254619
0.000410156 0.021783 -0.147587 -0.00103662
0.00041748 0.0116548 -0.107491 0.0100246
0.000424805 0.00957383 -0.0918659 0.0336822
0.000432129 0.00573582 -0.0583423 0.0482908
0.000439453 0.00633349 -0.0378279 0.0700181
0.000446777 0.00789405 -0.0116365 0.0880831
0.000454102 0.0115531 0.012677 0.106735
0.000461426 0.0173515 0.0311653 0.127985
0.00046875 0.0236781 0.0580756 0.142497
0.000476074 0.032457 0.0688756 0.166473
0.000483398 0.0403817 0.0971291 0.175919
0.000490723 0.0509188 0.10062 0.201977
0.000498047 0.0589191 0.128976 0.205632
0.000505371 0.0701085 0.12586 0.232955
0.000512695 0.0765113 0.153154 0.230337
0.00052002 0.0873987 0.144404 0.257965
0.000527344 0.0907061 0.169608 0.248876
0.000534668 0.100494 0.1564 0.275741
0.000541992 0.0996719 0.178673 0.260284
0.000549316 0.107715 0.162308 0.285257
0.000556641 0.102391 0.181039 0.263848
0.000563965 0.108202 0.16286 0.285794
0.000571289 0.0987322 0.177695 0.259146
0.000578613 0.102006 0.159012 0.276985
0.000585937 0.0894113 0.169867 0.246082
0.000593262 0.0900688 0.151874 0.25885
0.000600586 0.0758391 0.15893 0.224901
0.00060791 0.0740799 0.142638 0.231806
0.000615234 0.0598999 0.146324 0.196186
0.000622559 0.0562371 0.132508 0.196669
0.000629883 0.043684 0.133459 0.16085
0.000637207 0.0389424 0.122617 0.154621
0.000644531 0.0292148 0.121626 0.120092
0.000651855 0.0244709 0.113959 0.107164
0.00065918 0.0182029 0.111914 0.0753543
0.000666504 0.0146624 0.10733 0.0560585
0.000673828 0.0118532 0.105142 0.0282559
0.000681152 0.0106757 0.103272 0.00323464
0.000688477 0.0107438 0.101805 -0.0194825
0.000695801 0.012843 0.102043 -0.0492971
0.000703125 0.0147842 0.102041 -0.0661206
0.000710449 0.0206427 0.103598 -0.0995492
0.000717773 0.0232525 0.105622 -0.109984
0.000725098 0.0327937 0.107597 -0.145659
0.000732422 0.0349026 0.111972 -0.149549
0.000739746 0.0474563 0.113421 -0.185989
0.00074707 0.0481275 0.120202 -0.183519
0.000754395 0.062507 0.12022 -0.219212
0.000761719 0.0611605 0.129174 -0.21089
0.000769043 0.0758451 0.126971 -0.244384
0.000776367 0.0722923 0.137584 -0.231004
0.000783691 0.0856853 0.132546 -0.260992
0.000791016 0.0800811 0.144048 -0.24358
0.00079834 0.0907921 0.135794 -0.268983
0.000805664 0.0835339 0.147213 -0.248721
0.000812988 0.0906261 0.135627 -0.268759
0.000820312 0.0822362 0.145854 -0.246907
0.000827637 0.085384 0.131104 -0.261143
0.000834961 0.0764125 0.138975 -0.238953
0.000842285 0.0759336 0.121502 -0.247327
0.000849609 0.0669067 0.125892 -0.22596
0.000856934 0.0636609 0.106384 -0.228786
0.000864258 0.0550791 0.106298 -0.209236
0.000871582 0.0502574 0.0856419 -0.207178
0.000878906 0.0426289 0.0803024 -0.190212
0.00088623 0.0374831 0.059521 -0.184229
0.000893555 0.0313623 0.0484458 -0.170339
0.000900879 0.0269383 0.0286217 -0.161614
0.000908203 0.0229368 0.0116788 -0.150998
0.000915527 0.0198738 -0.00612542 -0.140841
0.000922852 0.0186188 -0.0286858 -0.133402
0.000930176 0.0170576 -0.0435074 -0.123145
0.0009375 0.0190932 -0.0710499 -0.118512
0.000944824 0.0187083 -0.0820983 -0.109399
0.000952148 0.0243558 -0.11363 -0.106976
0.000959473 0.0244948 -0.120347 -0.100058
0.000966797 0.0337108 -0.154575 -0.0990826
0.000974121 0.0335948 -0.156673 -0.0951236
0.000981445 0.0458741 -0.192089 -0.0947422
0.00098877 0.044803 -0.189574 -0.0941527
0.000996094 0.0591684 -0.224557 -0.0935006
0.00100342 0.0566765 -0.217725 -0.0962936
0.00101074 0.0717767 -0.250664 -0.0945751
0.00101807 0.0677049 -0.240069 -0.100357
0.00102539 0.0820137 -0.269482 -0.0969184
0.00103271 0.0764903 -0.255896 -0.104918
0.00104004 0.088568 -0.280547 -0.0993044
0.00104736 0.0819222 -0.264887 -0.10843
0.00105469 0.0906791 -0.283889 -0.100429
0.00106201 0.0833273 -0.267146 -0.109363
0.00106934 0.0882233 -0.280033 -0.0990183
0.00107666 0.0805743 -0.263188 -0.106331
0.00108398 0.0817016 -0.269957 -0.0939407
0.00109131 0.074114 -0.253903 -0.0982199
0.00109863 0.0721401 -0.255015 -0.0843052
0.00110596 0.0649395 -0.240489 -0.0842895
0.00111328 0.0609266 -0.236833 -0.0695462
0.00112061 0.0544644 -0.224358 -0.0642493
0.00112793 0.0496138 -0.217176 -0.049483
0.00113525 0.0443278 -0.207029 -0.0382979
0.00114258 0.039719 -0.197803 -0.0243493
0.0011499 0.0361535 -0.190007 -0.00712103
0.00115723 0.0325452 -0.180328 0.00521046
0.00116455 0.0312986 -0.17466 0.0281505
0.00117187 0.029039 -0.166076 0.0381793
0.0011792 0.0306381 -0.162108 0.0660237
0.00118652 0.0296943 -0.155982 0.0732383
0.00119385 0.0344229 -0.153129 0.104758
0.00120117 0.0345027 -0.150503 0.108864
0.0012085 0.0422409 -0.148097 0.142507
0.00121582 0.0429525 -0.149584 0.143447
0.00122314 0.0530866 -0.146942 0.177468
0.00123047 0.0540782 -0.152661 0.175422
0.00123779 0.0655274 -0.149161 0.208035
0.00124512 0.066559 -0.158715 0.203393
0.00125244 0.0779324 -0.15386 0.232937
0.00125977 0.0788683 -0.166363 0.226256
0.00126709 0.0887221 -0.159829 0.25135
0.00127441 0.0894628 -0.173989 0.243291
0.00128174 0.0965938 -0.165654 0.262969
0.00128906 0.0969946 -0.179894 0.25423
0.00129639 0.10069 -0.169846 0.268034
0.00130371 0.100517 -0.182457 0.25928
0.00131104 0.10069 -0.170979 0.267313
0.00131836 0.0996449 -0.180295 0.259111
0.00132568 0.0968256 -0.167827 0.26203
0.00133301 0.094644 -0.172401 0.254798
0.00134033 0.0898254 -0.159489 0.253749
0.00134766 0.0864094 -0.158246 0.247725
0.00135498 0.0808138 -0.145479 0.244233
0.0013623 0.076342 -0.137845 0.239459
0.00136963 0.0711746 -0.125791 0.235268
0.00137695 0.066133 -0.111762 0.231608
0.00138428 0.0623949 -0.100908 0.2285
0.0013916 0.0574959 -0.0810699 0.225663
0.00139893 0.0558966 -0.0717731 0.225267
0.00140625 0.051898 -0.0472533 0.222857
0.00141357 0.0528647 -0.0397098 0.226468
0.0014209 0.0503408 -0.0120741 0.224042
0.00142822 0.0540842 -0.00630839 0.232475
0.00143555 0.0532271 0.022596 0.229601
0.00144287 0.0598054 0.0267216 0.243087
0.0014502 0.0603318 0.0549564 0.239398
0.00145752 0.0696656 0.0577125 0.257556
0.00146484 0.0708697 0.083454 0.252795
0.00147217 0.0826929 0.0852005 0.274652
0.00147949 0.083634 0.106938 0.268697
0.00148682 0.0974089 0.108072 0.292796
0.00149414 0.0971758 0.124775 0.285669
0.00150146 0.112028 0.125676 0.310215
0.00150879 0.109993 0.136915 0.302071
0.00151611 0.124729 0.137899 0.325135
0.00152344 0.120706 0.143896 0.316229
0.00153076 0.133947 0.145177 0.335962
0.00153809 0.12822 0.146786 0.326609
0.00154541 0.138635 0.148458 0.34146
0.00155273 0.131847 0.147073 0.331989
0.00156006 0.138437 0.149109 0.340886
0.00156738 0.131414 0.146503 0.331588
0.00157471 0.13374 0.148772 0.334076
0.00158203 0.127312 0.14689 0.325169
0.00158936 0.125602 0.149193 0.32147
0.00159668 0.12049 0.149924 0.31307
0.001604 0.115572 0.152031 0.304069
0.00161133 0.112366 0.156974 0.296184
0.00161865 0.105457 0.158674 0.283336
0.00162598 0.104649 0.168942 0.275876
0.0016333 0.0970671 0.170079 0.261037
0.00164062 0.0990873 0.186153 0.253839
0.00164795 0.0919859 0.186658 0.23905
0.00165527 0.0971833 0.208319 0.231919
0.0016626 0.0913862 0.20822 0.219159
0.00166992 0.099926 0.234563 0.21191
0.00167725 0.0958975 0.233981 0.202855
0.00168457 0.107606 0.263519 0.195356
0.00169189 0.105527 0.262644 0.191168
0.00169922 0.119756 0.293482 0.183368
0.00170654 0.119635 0.292535 0.184548
0.00171387 0.135226 0.322606 0.176498
0.00172119 0.136973 0.321793 0.182817
0.00172852 0.152389 0.349116 0.174662
0.00173584 0.155805 0.348585 0.185187
0.00174316 0.169405 0.371516 0.177145
0.00175049 0.174112 0.37132 0.190352
0.00175781 0.184512 0.388769 0.182676
0.00176514 0.189871 0.388845 0.196648
0.00177246 0.196274 0.40042 0.189573
0.00177979 0.20138 0.400594 0.20225
0.00178711 0.203764 0.406657 0.195943
0.00179443 0.207559 0.406662 0.20539
0.00180176 0.206665 0.40829 0.19991
0.00180908 0.208163 0.407811 0.20458
0.00181641 0.205307 0.406657 0.199844
0.00182373 0.203859 0.40539 0.198793
0.00183105 0.200642 0.403462 0.194577
0.00183838 0.196131 0.401173 0.187595
0.0018457 0.194149 0.400571 0.183554
0.00185303 0.187041 0.397153 0.171202
0.00186035 0.187686 0.399781 0.166917
0.00186768 0.178895 0.395293 0.150459
0.001875 0.183255 0.402596 0.145503
0.00188232 0.173892 0.397277 0.12674
0.00188965 0.182715 0.410042 0.120751
0.00189697 0.173809 0.40429 0.101777
0.0019043 0.18747 0.422533 0.0945306
0.00191162 0.179771 0.416862 0.0774421
0.00191895 0.198188 0.439818 0.0689081
0.00192627 0.192117 0.434782 0.055515
0.00193359 0.214643 0.461018 0.0458823
0.00194092 0.210363 0.457122 0.0374518
0.00194824 0.235702 0.484733 0.0271218
0.00195557 0.233241 0.482344 0.0241987
0.00196289 0.259501 0.509227 0.0137397
0.00197021 0.25883 0.508499 0.0160684
0.00197754 0.283761 0.532657 0.00613668
0.00198486 0.284765 0.533483 0.0126991
0.00199219 0.306173 0.553315 0.00393642
0.00199951 0.308553 0.555321 0.0131016
0.00200684 0.324777 0.56986 0.00602571
0.00201416 0.327939 0.572442 0.0157914
0.00202148 0.338255 0.581499 0.0106963
0.00202881 0.341306 0.583906 0.0189876
0.00203613 0.346109 0.588096 0.0158729
0.00204346 0.347994 0.589541 0.0208544
0.00205078 0.34871 0.590198 0.0193982
0.00205811 0.348478 0.58999 0.0197519
0.00206543 0.347247 0.58896 0.0193359
0.00207275 0.344343 0.586629 0.014463
0.00208008 0.343592 0.585994 0.0142506
0.0020874 0.338034 0.58139 0.00436432
0.00209473 0.340075 0.583149 0.00342251
0.00210205 0.332455 0.576493 -0.0104837
0.00210938 0.339192 0.582256 -0.0130355
0.0021167 0.330492 0.574135 -0.029341
0.00212402 0.343245 0.584873 -0.034179
0.00213135 0.334559 0.576168 -0.0508871
0.00213867 0.353949 0.592067 -0.0583537
0.002146 0.346245 0.583829 -0.0734037
0.00215332 0.372095 0.604264 -0.083426
0.00216064 0.366091 0.597548 -0.0950156
0.00216797 0.397337 0.621184 -0.107088
0.00217529 0.393515 0.61687 -0.113956
0.00218262 0.428192 0.641882 -0.127198
0.00218994 0.426855 0.640516 -0.128819
0.00219727 0.462263 0.664883 -0.142101
0.00220459 0.463559 0.666561 -0.138764
0.00221191 0.496656 0.688396 -0.150886
0.00221924 0.50049 0.692718 -0.143637
0.00222656 0.528486 0.710573 -0.15353
0.00223389 0.534373 0.716686 -0.143993
0.00224121 0.555363 0.729785 -0.150918
0.00224854 0.562323 0.736502 -0.141021
0.00225586 0.575762 0.744863 -0.14471
0.00226318 0.582378 0.750856 -0.136358
0.00227051 0.589237 0.755276 -0.137097
0.00227783 0.593919 0.759298 -0.131854
0.00228516 0.596469 0.761216 -0.130458
0.00229248 0.597864 0.762332 -0.129284
0.0022998 0.599167 0.763571 -0.126987
0.00230713 0.596558 0.761339 -0.130082
0.00231445 0.599857 0.763798 -0.128336
0.00232178 0.59339 0.758376 -0.135114
0.0023291 0.60155 0.763696 -0.135343
0.00233643 0.592204 0.755852 -0.144537
0.00234375 0.60731 0.765142 -0.147881
0.00235107 0.596645 0.756143 -0.157774
0.0023584 0.619753 0.769788 -0.164861
0.00236572 0.609559 0.761201 -0.173587
0.00237305 0.640549 0.778811 -0.184399
0.00238037 0.632544 0.772232 -0.19027
0.0023877 0.67006 0.792716 -0.204112
0.00239502 0.665681 0.789483 -0.205908
0.00240234 0.707196 0.811255 -0.221499
0.00240967 0.707469 0.812189 -0.218675
0.00241699 0.749572 0.833455 -0.234359
0.00242432 0.754983 0.838687 -0.227127
0.00243164 0.793924 0.857768 -0.241159
0.00243896 0.804242 0.866685 -0.230431
0.00244629 0.836696 0.88231 -0.241297
0.00245361 0.850804 0.893639 -0.228503
0.00246094 0.874649 0.905165 -0.235213
0.00246826 0.890519 0.917182 -0.222029
0.00247559 0.905374 0.924691 -0.224321
0.00248291 0.920313 0.935531 -0.212353
0.00249023 0.927635 0.939792 -0.210774
0.00249756 0.938832 0.9478 -0.201265
0.00250488 0.941536 0.9501 -0.197092
0.00251221 0.946776 0.954154 -0.1907
0.00251953 0.948511 0.956043 -0.185726
0.00252686 0.946814 0.955792 -0.182418
0.00253418 0.951152 0.958774 -0.178622
0.0025415 0.943099 0.954735 -0.177705
0.00254883 0.952852 0.959984 -0.176868
0.00255615 0.940498 0.953477 -0.177141
0.00256348 0.957284 0.961616 -0.180495
0.0025708 0.943706 0.95453 -0.180495
0.00257812 0.967755 0.965526 -0.188454
0.00258545 0.956423 0.959972 -0.186753
0.00259277 0.98656 0.97316 -0.198798
0.0026001 0.980698 0.971058 -0.194278
0.00260742 1.01448 0.985287 -0.209027
0.00261475 1.01654 0.987979 -0.20109
0.00262207 1.0506 1.00185 -0.216539
0.00262939 1.06183 1.00981 -0.205208
0.00263672 1.09242 1.02196 -0.219107
0.00264404 1.11257 1.03467 -0.204997
0.00265137 1.13636 1.04403 -0.215294
0.00265869 1.1635 1.06005 -0.199471
0.00266602 1.17836 1.06604 -0.204728
0.00267334 1.20899 1.08326 -0.188478
0.00268066 1.21454 1.08588 -0.188179
0.00268799 1.24415 1.10196 -0.172747
0.00269531 1.24185 1.10173 -0.167426
0.00270264 1.26583 1.11453 -0.153769
0.00270996 1.25845 1.11241 -0.144928
0.00271729 1.27326 1.12046 -0.133545
0.00272461 1.26411 1.11754 -0.123363
0.00273193 1.26824 1.12035 -0.114231
0.00273926 1.26028 1.11769 -0.105125
0.00274658 1.25475 1.11589 -0.0977396
0.00275391 1.24995 1.11423 -0.091862
0.00276123 1.23812 1.10943 -0.0853901
0.00276855 1.23721 1.10911 -0.0841622
0.00277588 1.22395 1.10359 -0.0776524
0.0027832 1.22649 1.10447 -0.0814433
0.00279053 1.2171 1.10073 -0.0740495
0.00279785 1.22171 1.10226 -0.0820693
0.00280518 1.22076 1.10245 -0.0732398
0.0028125 1.2254 1.10381 -0.0836797
0.00281982 1.23585 1.10927 -0.0732676
0.00282715 1.23822 1.1096 -0.0836654
0.00283447 1.26079 1.12054 -0.0719408
0.0028418 1.25879 1.11913 -0.0797003
0.00284912 1.2917 1.13454 -0.0672671
0.00285645 1.28399 1.13095 -0.0702207
0.00286377 1.32311 1.14881 -0.0578621
0.00287109 1.30948 1.14301 -0.0547561
0.00287842 1.34905 1.16068 -0.0432507
0.00288574 1.33048 1.15296 -0.0340415
0.00289307 1.36423 1.16776 -0.0239954
0.00290039 1.34262 1.15867 -0.00988428
0.00290771 1.36528 1.16845 -0.00162033
0.00291504 1.3427 1.15865 0.0151878
0.00292236 1.35138 1.16229 0.0216613
0.00292969 1.32939 1.15235 0.0384303
0.00293701 1.32438 1.15 0.0433679
0.00294434 1.30365 1.14033 0.0574325
0.00295166 1.28835 1.1334 0.0612372
0.00295898 1.26866 1.12413 0.0706015
0.00296631 1.24861 1.11498 0.0736827
0.00297363 1.2293 1.10603 0.0774773
0.00298096 1.21074 1.09742 0.0801229
0.00298828 1.19111 1.08853 0.0788113
0.00299561 1.17947 1.083 0.0811091
0.00300293 1.15909 1.0739 0.0763885
0.00301025 1.1578 1.07316 0.0782171
0.00301758 1.13664 1.06366 0.0726299
0.0030249 1.14647 1.06819 0.0737193
0.00303223 1.12484 1.05827 0.0700578
0.00303955 1.14379 1.06718 0.0700972
0.00304688 1.12229 1.05702 0.0707387
0.0030542 1.14596 1.06824 0.069496
0.00306152 1.12548 1.05817 0.0758235
0.00306885 1.14793 1.06891 0.0732376
0.00307617 1.12946 1.05933 0.0852864
0.0030835 1.14461 1.06675 0.0815007
0.00309082 1.12892 1.05798 0.0979214
0.00309814 1.13203 1.05988 0.0932455
0.00310547 1.11928 1.05206 0.111598
0.00311279 1.10831 1.04737 0.106409
0.00312012 1.09781 1.04043 0.123725
0.00312744 1.07396 1.02954 0.118336
0.00313477 1.06437 1.02323 0.131814
0.00314209 1.03175 1.00786 0.126361
0.00314941 1.02162 1.00183 0.134034
0.00315674 0.986034 0.984655 0.128404
0.00316406 0.974491 0.978618 0.129606
0.00317139 0.941888 0.962624 0.123465
0.00317871 0.929055 0.956503 0.118985
0.00318604 0.904121 0.944248 0.111876
0.00319336 0.891092 0.938258 0.103751
0.00320068 0.87634 0.931271 0.0952611
0.00320801 0.864776 0.925924 0.0862612
0.00321533 0.860189 0.924328 0.0761969
0.00322266 0.851797 0.920337 0.0691193
0.00322998 0.85496 0.922842 0.0576444
0.0032373 0.851106 0.920937 0.0546014
0.00324463 0.857747 0.925181 0.0422773
0.00325195 0.859228 0.925893 0.044154
0.00325928 0.864178 0.929066 0.0318637
0.0032666 0.871082 0.93254 0.0380881
0.00327393 0.869571 0.932121 0.0268508
0.00328125 0.881131 0.938013 0.035539
0.00328857 0.870142 0.932444 0.0262577
0.0032959 0.884718 0.939954 0.0347006
0.00330322 0.86394 0.929064 0.0279139
0.00331055 0.879281 0.937109 0.0332819
0.00331787 0.85125 0.922176 0.0289946
0.0033252 0.865117 0.929662 0.0290785
0.00333252 0.834473 0.913104 0.0267321
0.00333984 0.845398 0.919226 0.0205257
0.00334717 0.817559 0.903987 0.0191325
0.00335449 0.825383 0.908478 0.00710256
0.00336182 0.80514 0.897279 0.0055194
0.00336914 0.811032 0.900512 -0.01051
0.00337646 0.801479 0.895156 -0.013236
0.00338379 0.807463 0.89807 -0.0305561
0.00339111 0.809406 0.898994 -0.0348671
0.00339844 0.817677 0.902839 -0.0505878
0.00340576 0.829501 0.909033 -0.0562196
0.00341309 0.841837 0.914992 -0.0680153
0.00342041 0.859801 0.924297 -0.0739969
0.00342773 0.877184 0.933098 -0.0806929
0.00343506 0.896225 0.942817 -0.0855611
0.00344238 0.918583 0.954434 -0.0874015
0.00344971 0.933612 0.962074 -0.0895857
0.00345703 0.959621 0.975632 -0.0881105
0.00346436 0.967046 0.979583 -0.0863877
0.00347168 0.994097 0.993503 -0.0839549
0.003479 0.993024 0.993461 -0.0778456
0.00348633 1.01761 1.00583 -0.0769328
0.00349365 1.01017 1.00284 -0.066914
0.00350098 1.02877 1.0119 -0.0693951
0.0035083 1.01941 1.00806 -0.0568515
0.00351562 1.0296 1.01271 -0.0634526
0.00352295 1.02361 1.01048 -0.0503598
0.00353027 1.02498 1.01061 -0.0604458
0.0035376 1.02688 1.01217 -0.0488597
0.00354492 1.02116 1.00871 -0.0606106
0.00355225 1.03349 1.01527 -0.0521023
0.00355957 1.02403 1.00998 -0.0630251
0.00356689 1.04674 1.02144 -0.0582264
0.00357422 1.03744 1.01641 -0.0658538
0.00358154 1.06791 1.0314 -0.0642586
0.00358887 1.06214 1.02843 -0.066832
0.00359619 1.09575 1.04464 -0.0669304
0.00360352 1.09547 1.04469 -0.063871
0.00361084 1.12673 1.05957 -0.063595
0.00361816 1.13183 1.06242 -0.055631
0.00362549 1.15591 1.07382 -0.0529971
0.00363281 1.16403 1.07809 -0.0419157
0.00364014 1.17822 1.08487 -0.0356769
0.00364746 1.18514 1.08838 -0.0237832
0.00365479 1.18962 1.09061 -0.0138906
0.00366211 1.19041 1.09106 -0.00333746
0.00366943 1.188 1.08992 0.00894335
0.00367676 1.17879 1.08559 0.0167507
0.00368408 1.17364 1.08296 0.0291264
0.00369141 1.15319 1.07333 0.033877
0.00369873 1.1492 1.07112 0.0436507
0.00370605 1.11961 1.05711 0.0461288
0.00371338 1.11921 1.0567 0.050988
0.0037207 1.08543 1.0405 0.0527392
0.00372803 1.08906 1.04231 0.0514701
0.00373535 1.05732 1.02683 0.0542457
0.00374268 1.06358 1.03022 0.0471481
0.00375 1.03954 1.01824 0.0523063
0.00375732 1.04569 1.02176 0.0411626
0.00376465 1.03293 1.01514 0.0492143
0.00377197 1.03567 1.01701 0.0368014
0.0037793 1.03472 1.01612 0.0472365
0.00378662 1.03118 1.01482 0.0365125
0.00379395 1.03943 1.0184 0.0479514
0.00380127 1.02812 1.01313 0.0411604
0.00380859 1.04046 1.01871 0.0517717
0.00381592 1.02186 1.00965 0.0497475
0.00382324 1.03218 1.01432 0.057789
0.00383057 1.00862 1.00252 0.0596891
0.00383789 1.01184 1.00387 0.0639959
0.00384521 0.986606 0.99098 0.0675679
0.00385254 0.980513 0.987882 0.0678368
0.00385986 0.956737 0.97561 0.0701528
0.00386719 0.942842 0.96869 0.0669434
0.00387451 0.922687 0.958338 0.0653805
0.00388184 0.905677 0.949787 0.0598514
0.00388916 0.890096 0.941959 0.0530071
0.00389648 0.876145 0.934871 0.0464919
0.00390381 0.865025 0.929419 0.0347313
0.00391113 0.859743 0.926791 0.0283059
0.00391846 0.85215 0.923018 0.0137448
0.00392578 0.858914 0.926742 0.00793264
0.00393311 0.853378 0.923764 -0.0061593
0.00394043 0.872376 0.93394 -0.0114546
0.00394775 0.867367 0.931074 -0.0216559
0.00395508 0.895434 0.945889 -0.0269861
0.0039624 0.890045 0.942918 -0.0308121
0.00396973 0.921326 0.959149 -0.0368662
0.00397705 0.915814 0.956392 -0.0335861
0.00398438 0.943317 0.970386 -0.0408464
0.0039917 0.939087 0.968545 -0.0317474
0.00399902 0.956862 0.977365 -0.0402499
0.00400635 0.955796 0.97724 -0.0282433
0.00401367 0.961023 0.9796 -0.0375235
0.004021 0.964572 0.981777 -0.0262079
0.00402832 0.958593 0.978436 -0.0354404
0.00403564 0.967213 0.983074 -0.0279235
0.00404297 0.954983 0.976562 -0.0361858
0.00405029 0.968139 0.983351 -0.0340593
0.00405762 0.956341 0.977084 -0.0406095
0.00406494 0.972858 0.985379 -0.04343
0.00407227 0.967533 0.982466 -0.0478857
0.00407959 0.985971 0.991526 -0.0533505
0.00408691 0.990489 0.993673 -0.0557085
0.00409424 1.00945 1.00289 -0.0604794
0.00410156 1.02337 1.00978 -0.0609811
0.00410889 1.0418 1.01881 -0.0618837
0.00411621 1.06083 1.02817 -0.0608027
0.00412354 1.07833 1.03692 -0.0559884
0.00413086 1.09552 1.04531 -0.0534463
0.00413818 1.11225 1.05375 -0.0431084
0.00414551 1.12038 1.05776 -0.0390107
0.00415283 1.13649 1.06576 -0.0253927
0.00416016 1.13086 1.06324 -0.0195211
0.00416748 1.14576 1.07039 -0.00619902
0.0041748 1.12619 1.06122 0.00158071
0.00418213 1.13828 1.06685 0.0109025
0.00418945 1.10942 1.05309 0.0204153
0.00419678 1.11659 1.05644 0.023176
0.0042041 1.08616 1.04164 0.0338127
0.00421143 1.08687 1.04211 0.0294846
0.00421875 1.06278 1.03013 0.0402568
0.00422607 1.05689 1.0276 0.0305288
0.0042334 1.04461 1.02127 0.0403086
0.00424072 1.03341 1.01617 0.0284915
0.00424805 1.03434 1.01638 0.0363515
0.00425537 1.02001 1.00962 0.0262095
0.0042627 1.0313 1.01503 0.0317259
0.00427002 1.01616 1.00771 0.026153
0.00427734 1.03175 1.01532 0.0295294
0.00428467 1.01756 1.00831 0.0295491
0.00429199 1.03032 1.01456 0.0314871
0.00429932 1.01776 1.0082 0.035941
0.00430664 1.02211 1.01031 0.0372868
0.00431396 1.01048 1.00429 0.0433271
0.00432129 1.00458 1.00129 0.0446271
0.00432861 0.99212 0.994855 0.0488322
0.00433594 0.978508 0.987932 0.049988
0.00434326 0.963377 0.98026 0.049686
0.00435059 0.947811 0.972277 0.0498778
0.00435791 0.929409 0.963045 0.0441833
0.00436523 0.918484 0.957449 0.0421316
0.00437256 0.898192 0.947179 0.0323055
0.00437988 0.896907 0.946672 0.0268017
0.00438721 0.877812 0.936783 0.0157975
0.00439453 0.887933 0.942281 0.00630672
0.00440186 0.873752 0.934744 -0.00232557
0.00440918 0.893267 0.945005 -0.0152428
0.0044165 0.887156 0.941704 -0.0186795
0.00442383 0.910799 0.953776 -0.0333294
0.00443115 0.914476 0.955795 -0.0305199
0.00443848 0.935328 0.9661 -0.0444881
0.0044458 0.948533 0.973241 -0.0365278
0.00445312 0.960478 0.978892 -0.0474214
0.00446045 0.980742 0.989629 -0.0371146
0.00446777 0.980918 0.989463 -0.0433658
0.0044751 1.00398 1.0014 -0.0341511
0.00448242 0.993984 0.996353 -0.0355602
0.00448975 1.01509 1.00706 -0.0302217
0.00449707 1.0002 0.999708 -0.027998
0.00450439 1.01597 1.00758 -0.0276601
0.00451172 1.00278 1.0011 -0.0239096
0.00451904 1.01263 1.00591 -0.0277004
0.00452637 1.00631 1.00285 -0.0245367
0.00453369 1.01253 1.0058 -0.0300358
0.00454102 1.01501 1.00707 -0.0286623
0.00454834 1.02149 1.01015 -0.0329393
0.00455566 1.03091 1.0148 -0.0330913
0.00456299 1.04126 1.01986 -0.0339083
0.00457031 1.05279 1.0255 -0.0339164
0.00457764 1.06854 1.03325 -0.0306125
0.00458496 1.0764 1.03712 -0.0281062
0.00459229 1.0959 1.04663 -0.0218179
0.00459961 1.09582 1.04671 -0.0148115
0.00460693 1.11422 1.05554 -0.00795806
0.00461426 1.10547 1.05141 0.00412037
0.00462158 1.11616 1.05645 0.00885679
0.00462891 1.10181 1.04938 0.0246431
0.00463623 1.09917 1.04811 0.025414
0.00464355 1.08448 1.04054 0.0418584
0.00465088 1.06666 1.03208 0.0383727
0.0046582 1.0566 1.02661 0.051718
0.00466553 1.02677 1.01228 0.0453095
0.00467285 1.02409 1.01061 0.0524379
0.00468018 0.989329 0.99361 0.0454721
0.0046875 0.993914 0.995933 0.0450813
0.00469482 0.962402 0.980206 0.0399721
0.00470215 0.97173 0.985209 0.0330799
0.00470947 0.949747 0.974045 0.0313366
0.0047168 0.959918 0.979532 0.0208728
0.00472412 0.949869 0.974351 0.022571
0.00473145 0.956989 0.978182 0.0121902
0.00473877 0.956916 0.978089 0.0160627
0.00474609 0.958582 0.979034 0.00865552
0.00475342 0.963187 0.981338 0.0127286
0.00476074 0.95948 0.979487 0.00925737
0.00476807 0.962487 0.980994 0.0117295
0.00477539 0.955785 0.977582 0.0109032
0.00478271 0.952907 0.976109 0.0108765
0.00479004 0.946586 0.972877 0.0098325
0.00479736 0.937738 0.968339 0.00759394
0.00480469 0.934583 0.966733 0.00331897
0.00481201 0.924086 0.961294 8.41324e-05
0.00481934 0.925274 0.961869 -0.00903319
0.00482666 0.919916 0.959051 -0.0117569
0.00483398 0.924779 0.961331 -0.0249364
0.00484131 0.930795 0.964426 -0.0260525
0.00484863 0.937152 0.967232 -0.04017
0.00485596 0.957472 0.97771 -0.0394393
0.00486328 0.96248 0.979778 -0.0501462
0.00487061 0.995115 0.99639 -0.0481962
0.00487793 0.996595 0.996958 -0.0516665
0.00488525 1.03467 1.01598 -0.0495996
0.00489258 1.03234 1.01508 -0.0441613
0.0048999 1.06611 1.03163 -0.0429835
0.00490723 1.06178 1.02999 -0.0299101
0.00491455 1.08232 1.03991 -0.0300692
0.00492188 1.07866 1.0385 -0.0131534
0.0049292 1.08176 1.03998 -0.0143993
0.00493652 1.08063 1.03953 0.00153928
0.00494385 1.06857 1.03372 -6.16163e-05
0.00495117 1.07013 1.03441 0.0109789
0.0049585 1.05039 1.02484 0.00981
0.00496582 1.0535 1.0263 0.0144474
0.00497314 1.03494 1.01722 0.0141602
0.00498047 1.03816 1.01881 0.0137371
0.00498779 1.02703 1.01332 0.0142892
0.00499512 1.02941 1.01453 0.0121436
0.00500244 1.02679 1.01322 0.0131439
0.00500977 1.02815 1.01389 0.0128593
0.00501709 1.02986 1.01472 0.0138956
0.00502441 1.0307 1.01508 0.0174584
0.00503174 1.02955 1.0145 0.0183941
0.00503906 1.03055 1.01485 0.0251211
0.00504639 1.02013 1.00968 0.0261698
0.00505371 1.02137 1.01009 0.0329275
0.00506104 0.999752 0.999283 0.0344514
0.00506836 1.00023 0.999426 0.0370922
0.00507568 0.971464 0.984847 0.0392468
0.00508301 0.969686 0.984118 0.0346123
0.00509033 0.942193 0.969958 0.0370657
0.00509766 0.937347 0.967854 0.0246254
0.00510498 0.920214 0.95891 0.02656
0.0051123 0.912946 0.95544 0.00890072
0.00511963 0.912177 0.955034 0.00934837
0.00512695 0.904314 0.950914 -0.00874423
0.00513428 0.920568 0.959406 -0.0103827
0.0051416 0.914236 0.955859 -0.0238558
0.00514893 0.942545 0.970461 -0.0273924
0.00515625 0.939442 0.968686 -0.0329924
0.00516357 0.970959 0.984663 -0.0374018
0.0051709 0.971885 0.985223 -0.0349256
0.00517822 0.997361 0.997928 -0.0387507
0.00518555 1.00175 1.0004 -0.0309121
0.00519287 1.01553 1.0072 -0.0329611
0.0052002 1.02129 1.0103 -0.0239538
0.00520752 1.0237 1.0115 -0.0239326
0.00521484 1.02798 1.01375 -0.0173926
0.00522217 1.02454 1.01207 -0.0161083
0.00522949 1.02545 1.01255 -0.0134588
0.00523682 1.02333 1.01152 -0.0124274
0.00524414 1.02126 1.0105 -0.0123951
0.00525146 1.02528 1.01248 -0.0130015
0.00525879 1.02293 1.01132 -0.0125165
0.00526611 1.03295 1.01623 -0.0151471
0.00527344 1.03391 1.01675 -0.0111552
0.00528076 1.04479 1.02204 -0.0147893
0.00528809 1.05162 1.02547 -0.006055
0.00529541 1.05577 1.02747 -0.00860562
0.00530273 1.06825 1.03356 0.00340646
0.00531006 1.05964 1.02938 0.00409532
0.00531738 1.0741 1.03627 0.0157128
0.00532471 1.05189 1.02541 0.0206777
0.00533203 1.06232 1.03032 0.0276519
0.00533936 1.03179 1.01513 0.0360552
0.00534668 1.03277 1.01563 0.0355284
0.005354 1.00284 1.00041 0.0447952
0.00536133 0.992746 0.995693 0.0366364
0.00536865 0.971798 0.984838 0.0435064
0.00537598 0.953995 0.976254 0.0303683
0.0053833 0.946611 0.9724 0.0323967
0.00539062 0.927694 0.962991 0.0184898
0.00539795 0.933438 0.966026 0.0152486
0.00540527 0.919947 0.959128 0.00446124
0.0054126 0.934171 0.966523 -0.0022108
0.00541992 0.929696 0.964175 -0.00790923
0.00542725 0.945793 0.972406 -0.0148017
0.00543457 0.949627 0.974358 -0.0159137
0.00544189 0.962097 0.98066 -0.0200778
0.00544922 0.969697 0.984551 -0.0188811
0.00545654 0.976706 0.988099 -0.0191702
0.00546387 0.981945 0.990764 -0.0182103
0.00547119 0.985768 0.992731 -0.0158933
0.00547852 0.984328 0.991996 -0.0164982
0.00548584 0.989299 0.994529 -0.0145609
0.00549316 0.981403 0.990526 -0.0161608
0.00550049 0.990835 0.995251 -0.0176028
0.00550781 0.981452 0.990516 -0.018175
0.00551514 0.995414 0.997411 -0.0241832
0.00552246 0.991695 0.995606 -0.0215303
0.00552979 1.00662 1.00284 -0.0305344
0.00553711 1.01408 1.00674 -0.023668
0.00554443 1.02424 1.01155 -0.0318678
0.00555176 1.04353 1.0213 -0.02174
0.00555908 1.04386 1.02139 -0.0249225
0.00556641 1.06962 1.03413 -0.0141257
0.00557373 1.05861 1.02884 -0.00986881
0.00558105 1.08121 1.03981 -0.00148933
0.00558838 1.06198 1.03048 0.00941719
0.0055957 1.07205 1.03531 0.0131619
0.00560303 1.05055 1.02461 0.0268932
0.00561035 1.04408 1.02148 0.0255249
0.00561768 1.02593 1.0122 0.0369808
0.005625 1.00656 1.00277 0.0317353
0.00563232 0.994791 0.996705 0.0370087
0.00563965 0.97166 0.985271 0.0300193
0.00564697 0.966496 0.982699 0.0282755
0.0056543 0.949108 0.973985 0.021481
0.00566162 0.948945 0.974019 0.0152254
0.00566895 0.942437 0.970744 0.00961355
0.00567627 0.945108 0.972162 0.00317707
0.00568359 0.948156 0.973732 -0.0012829
0.00569092 0.95214 0.975767 -0.00423188
0.00569824 0.958151 0.978819 -0.0080514
0.00570557 0.963306 0.981459 -0.00659507
0.00571289 0.964377 0.981976 -0.0100527
0.00572021 0.971552 0.985652 -0.00652611
0.00572754 0.963386 0.981479 -0.00926616
0.00573486 0.973123 0.986439 -0.0078502
0.00574219 0.958063 0.978765 -0.00903252
0.00574951 0.969597 0.984593 -0.0131917
0.00575684 0.95566 0.977504 -0.0120528
0.00576416 0.967015 0.983117 -0.0222575
0.00577148 0.963486 0.981395 -0.0186772
0.00577881 0.972249 0.985516 -0.0317408
0.00578613 0.984528 0.991882 -0.026425
0.00579346 0.988718 0.993657 -0.0369125
0.00580078 1.01502 1.007 -0.0310769
0.00580811 1.01392 1.00636 -0.0340756
0.00581543 1.04536 1.02202 -0.0288575
0.00582275 1.03998 1.01954 -0.0226019
0.00583008 1.06436 1.03151 -0.0186052
0.0058374 1.05672 1.02795 -0.00548647
0.00584473 1.06482 1.0319 -0.00275347
0.00585205 1.05635 1.02772 0.0118781
0.00585938 1.04688 1.02308 0.0134898
0.0058667 1.03762 1.01835 0.0240852
0.00587402 1.01753 1.00843 0.0244508
0.00588135 1.00714 1.00317 0.028052
0.00588867 0.98698 0.993111 0.0266523
0.005896 0.976313 0.98779 0.024157
0.00590332 0.964131 0.981689 0.0204435
0.00591064 0.955649 0.977448 0.015664
0.00591797 0.953048 0.976194 0.00970334
0.00592529 0.949678 0.974491 0.0068138
0.00593262 0.951817 0.975611 -0.000272546
0.00593994 0.955345 0.977417 0.000629052
0.00594727 0.954475 0.976956 -0.00559412
0.00595459 0.964313 0.981991 -0.00242006
0.00596191 0.955094 0.977272 -0.005774
0.00596924 0.967964 0.983842 -0.00424257
0.00597656 0.951485 0.975434 -0.0037771
0.00598389 0.962651 0.981118 -0.00762151
0.00599121 0.946331 0.972787 -0.00406059
0.00599854 0.952126 0.975665 -0.0142554
0.00600586 0.945472 0.972306 -0.00968442
0.00601318 0.945351 0.972009 -0.023443
0.00602051 0.954458 0.976756 -0.0201476
0.00602783 0.950966 0.974645 -0.0321405
0.00603516 0.974898 0.986874 -0.0312563
0.00604248 0.971835 0.985146 -0.0363779
0.0060498 1.00252 1.00057 -0.03721
0.00605713 1.00266 1.00078 -0.0332953
0.00606445 1.02849 1.01358 -0.0338135
0.00607178 1.03178 1.01551 -0.0227372
0.0060791 1.04352 1.02131 -0.0210173
0.00608643 1.04657 1.02299 -0.00757131
0.00609375 1.04226 1.02091 -0.00329344
0.00610107 1.04018 1.01987 0.00744889
0.0061084 1.02535 1.01252 0.0124618
0.00611572 1.01549 1.00756 0.0177161
0.00612305 0.998829 0.999206 0.0203983
0.00613037 0.983579 0.991539 0.0206976
0.0061377 0.971493 0.985467 0.0186358
0.00614502 0.957508 0.978379 0.0168261
0.00615234 0.951127 0.975206 0.00999275
0.00615967 0.945396 0.972274 0.00896049
0.00616699 0.941154 0.970131 0.000109125
0.00617432 0.946787 0.973029 0.000743513
0.00618164 0.939684 0.969355 -0.0059402
0.00618896 0.953837 0.976632 -0.00525909
0.00619629 0.941616 0.970347 -0.00655232
0.00620361 0.956661 0.978052 -0.00867825
0.00621094 0.9422 0.97066 -0.00430908
0.00621826 0.949939 0.974585 -0.0111434
0.00622559 0.939923 0.969488 -0.00407093
0.00623291 0.936646 0.96769 -0.0149306
0.00624023 0.93741 0.968151 -0.00961797
0.00624756 0.926244 0.962182 -0.0212024
0.00625488 0.939917 0.969268 -0.0208763
0.00626221 0.928645 0.963229 -0.0289008
0.00626953 0.951697 0.974974 -0.0335033
0.00627686 0.947784 0.972915 -0.0349263
0.00628418 0.972452 0.985272 -0.0411155
0.0062915 0.978502 0.988549 -0.0356895
0.00629883 0.996317 0.997395 -0.0389877
0.00630615 1.00824 1.00369 -0.0291352
0.00631348 1.01436 1.0068 -0.0268803
0.0063208 1.02352 1.01156 -0.0162813
0.00632812 1.01857 1.0092 -0.00952739
0.00633545 1.01727 1.0086 -0.00111899
0.00634277 1.00578 1.00287 0.00593895
0.0063501 0.993067 0.996467 0.0109381
0.00635742 0.979511 0.98961 0.013535
0.00636475 0.962106 0.980745 0.0156797
0.00637207 0.949074 0.974133 0.0117878
0.00637939 0.937313 0.968075 0.0120027
0.00638672 0.924884 0.961702 0.00359176
0.00639404 0.925359 0.961953 0.00247359
0.00640137 0.91334 0.955674 -0.00523142
0.00640869 0.925573 0.962031 -0.00825854
0.00641602 0.913914 0.955929 -0.0106635
0.00642334 0.9291 0.963765 -0.0160184
0.00643066 0.920394 0.959304 -0.0113429
0.00643799 0.928744 0.963523 -0.019202
0.00644531 0.925589 0.962012 -0.0110414
0.00645264 0.919726 0.958821 -0.0197301
0.00645996 0.924803 0.96158 -0.0129527
0.00646729 0.909212 0.953303 -0.0206384
0.00647461 0.921088 0.959505 -0.0209352
0.00648193 0.903045 0.949954 -0.0251545
0.00648926 0.919274 0.958271 -0.0314603
0.00649658 0.912701 0.954829 -0.0316676
0.00650391 0.928465 0.962648 -0.0421139
0.00651123 0.933046 0.965181 -0.0383693
0.00651855 0.944818 0.971014 -0.0441417
0.00652588 0.962768 0.980476 -0.0378845
0.0065332 0.968638 0.983426 -0.0388853
0.00654053 0.980672 0.989784 -0.0316047
0.00654785 0.979313 0.989328 -0.0232949
0.00655518 0.986922 0.99332 -0.0153999
0.0065625 0.98118 0.990504 -0.00900389
0.00656982 0.967159 0.983438 -0.00290122
0.00657715 0.95314 0.976279 0.00443485
0.00658447 0.942693 0.97087 0.0102167
0.0065918 0.927869 0.963245 0.00527121
0.00659912 0.908734 0.953263 0.00484272
0.00660645 0.885571 0.941045 0.00242023
0.00661377 0.892115 0.944517 0.00140345
0.00662109 0.880507 0.938309 -0.00910155
0.00662842 0.879645 0.937672 -0.0203784
0.00663574 0.862137 0.928377 -0.0159202
0.00664307 0.882603 0.939222 -0.021569
0.00665039 0.89296 0.944689 -0.0228498
0.00665771 0.883114 0.938949 -0.0385878
0.00666504 0.878244 0.936817 -0.0248512
0.00667236 0.880553 0.938102 -0.0227448
0.00667969 0.911582 0.9544 -0.0265184
0.00668701 0.879595 0.937108 -0.0377351
0.00669434 0.870629 0.932474 -0.0334833
0.00670166 0.869087 0.932063 -0.0186022
0.00670898 0.902996 0.949589 -0.035745
0.00671631 0.886308 0.940276 -0.0468
0.00672363 0.859014 0.925499 -0.0496587
0.00673096 0.881607 0.938494 -0.0289228
0.00673828 0.918268 0.957371 -0.0413257
0.00674561 0.925875 0.960456 -0.0583024
0.00675293 0.885716 0.939772 -0.0504357
0.00676025 0.90744 0.952277 -0.0246721
0.00676758 0.951253 0.97509 -0.0212829
0.0067749 0.947619 0.972655 -0.0394981
0.00678223 0.894577 0.945394 -0.0284157
0.00678955 0.887123 0.941867 0.00308663
0.00679687 0.92134 0.959839 0.00698863
0.0068042 0.907562 0.952558 -0.0139857
0.00681152 0.839427 0.916058 -0.0162539
0.00681885 0.824101 0.907773 0.0070496
0.00682617 0.846008 0.919763 0.00668981
0.0068335 0.850749 0.922029 -0.0247347
0.00684082 0.797732 0.892569 -0.0324431
0.00684814 0.788345 0.887536 -0.0249986
0.00685547 0.821761 0.906315 -0.0188349
0.00686279 0.833277 0.911605 -0.0474644
0.00687012 0.820925 0.904615 -0.0509514
0.00687744 0.802897 0.894936 -0.0445648
0.00688477 0.839108 0.915213 -0.0386409
0.00689209 0.834422 0.912411 -0.0439048
0.00689941 0.839952 0.915117 -0.0501342
0.00690674 0.82522 0.907522 -0.0402935
0.00691406 0.828205 0.908798 -0.0478711
0.00692139 0.821393 0.905507 -0.0380953
0.00692871 0.82162 0.90542 -0.0428428
0.00693604 0.84008 0.915444 -0.0451955
0.00694336 0.817095 0.902071 -0.0579956
0.00695068 0.812379 0.899946 -0.0497706
0.00695801 0.822574 0.906206 -0.0369462
0.00696533 0.860428 0.926312 -0.0487304
0.00697266 0.841543 0.915575 -0.0571459
0.00697998 0.814765 0.901484 -0.0457437
0.0069873 0.830453 0.911062 -0.0204794
0.00699463 0.855553 0.924622 -0.0250348
0.00700195 0.833198 0.912102 -0.0356131
0.00700928 0.789491 0.888218 -0.0236617
0.0070166 0.782339 0.884482 -0.00563924
0.00702393 0.792395 0.890106 -0.0103179
0.00703125 0.765757 0.874775 -0.0229254
0.00703857 0.737897 0.858551 -0.0280514
0.0070459 0.726472 0.851989 -0.0242248
0.00705322 0.724129 0.850128 -0.0375692
0.00706055 0.725145 0.85056 -0.0411379
0.00706787 0.723744 0.84909 -0.0528185
0.0070752 0.73921 0.857486 -0.0626737
0.00708252 0.717989 0.844716 -0.0666597
0.00708984 0.734804 0.855122 -0.0597539
0.00709717 0.753871 0.866635 -0.0530469
0.00710449 0.770385 0.874574 -0.0741982
0.00711182 0.740548 0.858019 -0.0659701
0.00711914 0.728083 0.851579 -0.0538145
0.00712646 0.761136 0.871502 -0.0402428
0.00713379 0.754085 0.866378 -0.0589444
0.00714111 0.736528 0.856014 -0.061391
0.00714844 0.708611 0.84046 -0.0473036
0.00715576 0.732315 0.854458 -0.0470755
0.00716309 0.728499 0.852055 -0.0500136
0.00717041 0.72273 0.848127 -0.0583974
0.00717773 0.719834 0.846932 -0.0504084
0.00718506 0.712975 0.842667 -0.053735
0.00719238 0.709371 0.84111 -0.0436523
0.00719971 0.709526 0.841568 -0.035903
0.00720703 0.718094 0.846452 -0.0401744
0.00721436 0.688248 0.828399 -0.0447546
0.00722168 0.657391 0.810162 -0.032079
0.007229 0.659854 0.812072 -0.0198165
0.00723633 0.664324 0.814451 -0.0315279
0.00724365 0.634427 0.794944 -0.0499123
0.00725098 0.6054 0.776768 -0.0450641
0.0072583 0.60367 0.775701 -0.0442452
0.00726562 0.620254 0.785506 -0.0568664
0.00727295 0.608104 0.776636 -0.0702908
0.00728027 0.614779 0.780238 -0.0775081
0.0072876 0.614225 0.779949 -0.0768442
0.00729492 0.620463 0.783241 -0.0836411
0.00730225 0.628816 0.789968 -0.0690366
0.00730957 0.644435 0.799178 -0.0758206
0.00731689 0.650047 0.802517 -0.0775419
0.00732422 0.613522 0.77998 -0.0717874
0.00733154 0.623381 0.787891 -0.0510755
0.00733887 0.627053 0.790529 -0.0460115
0.00734619 0.625789 0.78855 -0.0630712
0.00735352 0.587755 0.764812 -0.0530802
0.00736084 0.578938 0.759286 -0.0492288
0.00736816 0.58527 0.763834 -0.0427534
0.00737549 0.572359 0.754609 -0.054075
0.00738281 0.572629 0.75495 -0.0517581
0.00739014 0.559411 0.74589 -0.0553019
0.00739746 0.552955 0.741415 -0.057088
0.00740479 0.537309 0.731702 -0.0438352
0.00741211 0.549898 0.74034 -0.0423534
0.00741943 0.546593 0.737561 -0.0509632
0.00742676 0.515282 0.715566 -0.056984
0.00743408 0.495878 0.702911 -0.0423496
0.00744141 0.501291 0.706934 -0.0391899
0.00744873 0.498706 0.704096 -0.0543541
0.00745605 0.480879 0.690473 -0.0642381
0.00746338 0.46814 0.681183 -0.0642684
0.0074707 0.472071 0.68334 -0.0715419
0.00747803 0.470011 0.681714 -0.0726372
0.00748535 0.478922 0.687661 -0.0777402
0.00749268 0.494642 0.698634 -0.0809457
0.0075 0.483633 0.689475 -0.0908734
0.00750732 0.480096 0.688812 -0.075063
0.00751465 0.48323 0.692706 -0.0582066
0.00752197 0.505832 0.7084 -0.0632584
0.0075293 0.480064 0.690241 -0.0602575
0.00753662 0.461222 0.677016 -0.0535817
0.00754395 0.454205 0.67314 -0.032979
0.00755127 0.442543 0.664045 -0.0398457
0.00755859 0.435 0.658663 -0.0340964
0.00756592 0.415954 0.643756 -0.03915
0.00757324 0.412196 0.640281 -0.0472961
0.00758057 0.383184 0.617471 -0.0437472
0.00758789 0.387835 0.62144 -0.0405931
0.00759521 0.395559 0.627582 -0.0412171
0.00760254 0.388438 0.620118 -0.0623757
0.00760986 0.369996 0.60585 -0.0542371
0.00761719 0.363273 0.600971 -0.0459025
0.00762451 0.373063 0.609124 -0.0450693
0.00763184 0.361796 0.599415 -0.0499682
0.00763916 0.355749 0.594267 -0.0509519
0.00764648 0.347354 0.586975 -0.0530574
0.00765381 0.334628 0.575732 -0.056218
0.00766113 0.32888 0.571342 -0.049476
0.00766846 0.339855 0.580745 -0.0509003
0.00767578 0.341352 0.580311 -0.0677587
0.00768311 0.328966 0.569322 -0.0695602
0.00769043 0.322387 0.565017 -0.0560593
0.00769775 0.339521 0.580405 -0.051486
0.00770508 0.337756 0.578996 -0.0501981
0.0077124 0.33346 0.5754 -0.0487406
0.00771973 0.326983 0.570797 -0.0342622
0.00772705 0.312235 0.557766 -0.0336416
0.00773437 0.30238 0.549694 -0.0146916
0.0077417 0.292575 0.540844 -0.00795024
0.00774902 0.294163 0.542114 -0.016575
0.00775635 0.261642 0.511076 -0.0210432
0.00776367 0.248917 0.498562 -0.018784
0.007771 0.245858 0.49575 -0.00944044
0.00777832 0.245196 0.494284 -0.0296671
0.00778564 0.240451 0.489385 -0.0308722
0.00779297 0.232985 0.481084 -0.0392878
0.00780029 0.236889 0.484955 -0.0413183
0.00780762 0.224721 0.472627 -0.0366707
0.00781494 0.235362 0.484184 -0.0304575
0.00782227 0.239315 0.488219 -0.0309501
0.00782959 0.231408 0.479103 -0.04322
0.00783691 0.21696 0.464927 -0.0283323
0.00784424 0.215681 0.463997 -0.019682
0.00785156 0.21977 0.468363 -0.0201457
0.00785889 0.211328 0.459097 -0.0236254
0.00786621 0.208389 0.455921 -0.0229247
0.00787354 0.203952 0.450917 -0.0250082
0.00788086 0.195063 0.441179 -0.0206074
0.00788818 0.196025 0.44266 -0.00880847
0.00789551 0.204441 0.452113 -0.00583574
0.00790283 0.197356 0.443991 -0.0150979
0.00791016 0.184615 0.429649 -0.00412115
0.00791748 0.17626 0.419687 0.0110833
0.0079248 0.17819 0.421874 0.0145616
0.00793213 0.165126 0.405942 0.0183652
0.00793945 0.159346 0.398929 0.0141902
0.00794678 0.14971 0.386677 0.013791
0.0079541 0.134022 0.36608 0.00265009
0.00796143 0.131464 0.3623 0.0142298
0.00796875 0.131969 0.363229 0.00580437
0.00797607 0.137741 0.370958 -0.0114803
0.0079834 0.125119 0.353408 -0.0149093
0.00799072 0.129478 0.359546 -0.0143058
0.00799805 0.13174 0.362924 -0.00510412
0.00800537 0.133073 0.364681 -0.00899555
0.0080127 0.138405 0.371996 0.00493384
0.00802002 0.135506 0.368111 -0.000323466
0.00802734 0.12991 0.360403 0.00436283
0.00803467 0.118083 0.342917 0.0221599
0.00804199 0.124139 0.351024 0.0303454
0.00804932 0.120305 0.345709 0.0281191
0.00805664 0.110748 0.332087 0.0215794
0.00806396 0.105392 0.323333 0.029112
0.00807129 0.100675 0.316115 0.0273052
0.00807861 0.0970846 0.309971 0.0316672
0.00808594 0.0978867 0.310549 0.0380283
0.00809326 0.0993892 0.313621 0.0321071
0.00810059 0.0913111 0.301109 0.0253879
0.00810791 0.0827766 0.285279 0.0373128
0.00811523 0.0834213 0.285299 0.0450075
0.00812256 0.0829471 0.284549 0.0444868
0.00812988 0.0753414 0.271863 0.0378368
0.00813721 0.0740185 0.269514 0.0371606
0.00814453 0.0663938 0.256013 0.0291757
0.00815186 0.0633153 0.250259 0.0261837
0.00815918 0.0635469 0.249405 0.0366636
0.0081665 0.069871 0.263391 0.022271
0.00817383 0.0692091 0.262468 0.0178769
0.00818115 0.0640801 0.252609 0.0164013
0.00818848 0.0702921 0.263269 0.0313272
0.0081958 0.0680514 0.258351 0.0361427
0.00820313 0.0720101 0.264584 0.0447833
0.00821045 0.0708733 0.260026 0.0570932
0.00821777 0.0673046 0.254845 0.048566
0.0082251 0.0584551 0.233485 0.0627673
0.00823242 0.053959 0.221104 0.0712174
0.00823975 0.0567516 0.225786 0.0759752
0.00824707 0.0484685 0.210614 0.0641118
0.00825439 0.0453747 0.204376 0.0600417
0.00826172 0.0412942 0.194758 0.0579953
0.00826904 0.0383416 0.189293 0.0500967
0.00827637 0.0378066 0.185323 0.0588375
0.00828369 0.0409603 0.194161 0.057112
0.00829102 0.0411124 0.197184 0.0472312
0.00829834 0.0358518 0.183953 0.0448666
0.00830566 0.0350014 0.178937 0.0546177
0.00831299 0.0361432 0.181155 0.0576735
0.00832031 0.0345375 0.176464 0.058291
0.00832764 0.0345944 0.176852 0.0576002
0.00833496 0.034267 0.17727 0.0533134
0.00834229 0.0291268 0.164944 0.0438208
0.00834961 0.0292848 0.161669 0.056105
0.00835693 0.0314248 0.166183 0.0617095
0.00836426 0.0346692 0.177647 0.0557731
0.00837158 0.0317254 0.167678 0.0600781
0.00837891 0.0321276 0.168472 0.0611936
0.00838623 0.031441 0.161761 0.0726243
0.00839355 0.027781 0.148055 0.0765557
0.00840088 0.0317907 0.151541 0.0939473
0.0084082 0.0278279 0.142917 0.0860393
0.00841553 0.0235996 0.133318 0.0763267
0.00842285 0.0187732 0.109705 0.0820856
0.00843018 0.0176852 0.109823 0.0749943
0.0084375 0.016487 0.10469 0.0743432
0.00844482 0.0145182 0.102583 0.0632049
0.00845215 0.0164633 0.113819 0.0592342
0.00845947 0.0133383 0.10686 0.0438095
0.0084668 0.013386 0.105626 0.0472139
0.00847412 0.0154306 0.108316 0.0608135
0.00848145 0.0180634 0.121123 0.0582455
0.00848877 0.0178529 0.11861 0.0615186
0.00849609 0.0173619 0.115184 0.0639883
0.00850342 0.0168336 0.111672 0.0660532
0.00851074 0.0144619 0.0979876 0.0697158
0.00851807 0.0154575 0.0942534 0.0810788
0.00852539 0.0165767 0.100908 0.0799646
0.00853271 0.0138828 0.094953 0.0697621
0.00854004 0.011729 0.08488 0.0672639
0.00854736 0.0122512 0.0824605 0.0738343
0.00855469 0.0110805 0.0778307 0.0708722
0.00856201 0.0124163 0.0779791 0.0795961
0.00856934 0.0126089 0.0776234 0.0811387
0.00857666 0.011318 0.0798943 0.0702489
0.00858398 0.00858319 0.058435 0.0718925
0.00859131 0.00815532 0.052764 0.073289
0.00859863 0.00897822 0.0533161 0.0783302
0.00860596 0.00630465 0.046422 0.0644178
0.00861328 0.00683478 0.0525173 0.0638491
0.00862061 0.00483324 0.0480815 0.0502136
0.00862793 0.0040522 0.049683 0.0397969
0.00863525 0.00456401 0.0432035 0.0519371
0.00864258 0.00622089 0.0604708 0.0506377
0.0086499 0.00765967 0.0687194 0.054197
0.00865723 0.00674479 0.0642427 0.0511631
0.00866455 0.00858067 0.0689709 0.0618359
0.00867187 0.00724857 0.0558966 0.0642195
0.0086792 0.00803111 0.0497129 0.0745637
0.00868652 0.00976121 0.0457222 0.0875825
0.00869385 0.00795535 0.0464153 0.0761641
0.00870117 0.00601516 0.0322131 0.0705512
0.0087085 0.00497045 0.0202997 0.0675157
0.00871582 0.00447131 0.018895 0.0641428
0.00872314 0.00380159 0.0135102 0.0601587
0.00873047 0.00404527 0.0178248 0.0610536
0.00873779 0.00350496 0.0277252 0.0523094
0.00874512 0.002328 0.0227902 0.0425277
0.00875244 0.00222436 0.0152209 0.0446394
0.00875977 0.0032611 0.0193823 0.0537162
0.00876709 0.00284197 0.0181031 0.0501423
0.00877441 0.0032024 0.0213547 0.0524058
0.00878174 0.00293532 0.0206065 0.0501068
0.00878906 0.00174727 0.0213919 0.0359118
0.00879639 0.00186469 0.00867251 0.0423022
0.00880371 0.00209321 0.0122932 0.0440691
0.00881104 0.00298149 0.0248213 0.0486354
0.00881836 0.00219308 0.0202815 0.0422107
0.00882568 0.0030608 0.0295194 0.0467911
0.00883301 0.00271981 0.020996 0.0477386
0.00884033 0.00247642 0.0148283 0.0475031
0.00884766 0.00472631 0.00669867 0.068421
0.00885498 0.00402016 0.00918088 0.0627365
0.0088623 0.00359934 0.00543026 0.0597482
0.00886963 0.00279271 -0.0116016 0.0515569
0.00887695 0.00215745 -0.0104806 0.0452504
0.00888428 0.00202784 -0.0236252 0.0383366
0.0088916 0.00165531 -0.021306 0.0346607
0.00889893 0.00131063 -0.00938677 0.0349646
0.00890625 0.000283336 -0.00192559 0.0167221
0.00891357 0.000237599 -0.00134859 0.0153552
0.0089209 0.000373747 0.000443886 0.0193274
0.00892822 0.000535303 0.00571295 0.0224202
0.00893555 0.00104291 0.00418799 0.0320214
0.00894287 0.00173523 0.0107782 0.0402376
0.0089502 0.00134331 0.013225 0.034182
0.00895752 0.0010403 0.000807895 0.0322436
0.00896484 0.00143217 -0.00892815 0.0367758
0.00897217 0.00154748 -0.00665614 0.0387708
0.00897949 0.00155369 -0.0134471 0.0370522
0.00898682 0.0013464 -0.00671189 0.0360742
0.00899414 0.00104021 -0.00425334 0.0319705
0.00900146 0.000450253 -0.0109512 0.0181748
0.00900879 0.00120429 -0.0166847 0.0304288
0.00901611 0.00127866 -0.0180409 0.0308737
0.00902344 0.00104627 -0.0114024 0.0302697
0.00903076 0.00136947 -0.0204975 0.030811
0.00903809 0.0005391 -0.0121194 0.0198046
0.00904541 0.00068246 -0.0219063 0.0142328
0.00905273 0.000957322 -0.0302258 0.00661216
0.00906006 0.000658639 -0.0198083 0.0163178
0.00906738 0.000266456 -0.0154227 0.00534748
0.00907471 2.32569e-05 -0.00361159 0.00319583
0.00908203 3.33398e-05 -0.00156049 0.00555919
0.00908936 3.02538e-05 0.00533183 -0.00135105
0.00909668 0.000172671 -0.00306282 0.0127785
0.009104 0.000567494 -0.00162991 0.0237663
0.00911133 0.000991277 0.00584149 0.0309379
0.00911865 0.000791416 -0.00467242 0.0277414
0.00912598 0.000899629 -0.00922502 0.0285399
0.0091333 0.000890294 -0.0185951 0.0233349
0.00914062 0.00126265 -0.0308349 0.0176596
0.00914795 0.00156614 -0.0330713 0.0217355
0.00915527 0.000768265 -0.0234694 0.0147462
0.0091626 0.000458716 -0.0214088 0.000615198
0.00916992 0.00038038 -0.0192978 -0.00282379
0.00917725 0.000313969 -0.0168359 -0.0055247
0.00918457 0.000299352 -0.0154208 -0.00784537
0.00919189 0.000284151 -0.0158072 0.00585509
0.00919922 4.72944e-05 -0.00439481 0.00528962
0.00920654 8.6641e-06 0.000180791 0.00293793
0.00921387 0.000117591 -0.0107831 -0.00114681
0.00922119 3.18987e-05 -0.00550948 0.0012427
0.00922852 0.000220078 -0.0147471 0.00161299
0.00923584 0.000146563 -0.0118267 0.00258715
0.00924316 0.000197672 -0.00361418 0.0135871
0.00925049 1.96666e-06 0.000693052 -0.00121915
0.00925781 1.10496e-05 -0.000596198 0.0032702
0.00926514 0.000143558 -0.00996087 0.00665874
0.00927246 0.000100999 -0.00572191 0.0082619
0.00927979 0.000678474 -0.0188886 0.0179359
0.00928711 0.000461006 -0.0135168 0.0166824
0.00929443 0.00030843 -0.0123654 0.012471
0.00930176 0.000643139 -0.0250525 -0.00393833
0.00930908 0.000658148 -0.0254699 -0.00307095
0.00931641 0.000847971 -0.0274138 -0.00982112
0.00932373 0.000662229 -0.0212465 -0.0145195
0.00933105 0.000234894 -0.0121125 -0.00939046
0.00933838 0.00034165 0.0035124 -0.018147
0.0093457 0.000453879 0.00503029 -0.020702
0.00935303 0.000153692 0.00281768 -0.0120728
0.00936035 5.20937e-05 0.00658783 -0.0029486
0.00936768 3.41406e-05 0.0039895 0.00426901
0.009375 0.000223291 0.00180436 0.0148336
0.00938232 0.000165912 0.00580173 0.0115001
0.00938965 3.88405e-05 -0.00375875 0.00497115
0.00939697 0.0002873 -0.0168082 0.00218711
0.0094043 0.000230839 -0.0142992 0.00513542
0.00941162 0.000386219 -0.0196518 0.00016458
0.00941895 0.00014336 -0.0119725 -0.000141992
0.00942627 3.48822e-05 -0.00590178 0.000226217
0.00943359 0.000276849 -0.0039136 -0.016172
0.00944092 0.000153222 -0.00949289 -0.00794399
0.00944824 0.00021514 -0.0126573 -0.00741165
0.00945557 4.8908e-05 -0.00480159 -0.00508456
0.00946289 0.000148189 -0.0120956 -0.00137321
0.00947021 5.87627e-05 0.00199764 -0.00740082
0.00947754 0.000149191 0.00062679 -0.0121983
0.00948486 0.000480049 -0.00574627 -0.0211431
0.00949219 7.70298e-05 0.00116166 -0.00869945
0.00949951 0.000101074 0.00159673 -0.00992595
0.00950684 0.000114939 0.0102896 -0.00301034
0.00951416 0.000205566 0.0129245 0.0062068
0.00952148 0.000277876 0.0166098 -0.00141055
0.00952881 3.57558e-05 0.00304442 0.00514658
0.00953613 0.00015046 -0.00637582 0.010479
0.00954346 0.000220234 -0.00775546 0.0126526
0.00955078 0.000383389 -0.016619 0.0103536
0.00955811 0.000205415 -0.0128308 0.00638648
0.00956543 0.000158924 -0.00971524 -0.00803355
0.00957275 0.000595257 -0.0153601 -0.0189559
0.00958008 0.000508341 -0.013589 -0.0179911
0.0095874 0.000284738 -0.00312609 -0.0165821
0.00959473 0.000229644 0.000342341 -0.0151501
0.00960205 0.000237078 0.0132377 -0.00786396
0.00960937 0.000379902 0.0180507 -0.00735347
0.0096167 0.000315771 0.0131191 -0.0119859
0.00962402 4.51805e-05 0.00596328 0.00310158
0.00963135 1.61548e-05 0.0024827 0.00316084
0.00963867 7.19124e-05 0.00329834 0.00781239
0.009646 0.000123944 -0.00233776 0.0108848
0.00965332 8.37011e-05 0.00910875 0.000855466
0.00966064 6.00797e-06 -0.0010185 -0.00222949
0.00966797 7.00898e-05 -0.00598094 -0.00585817
0.00967529 1.70478e-05 -0.000764219 0.00405755
0.00968262 6.11552e-05 -0.0078007 0.000551644
0.00968994 5.11429e-05 0.000729726 0.0071141
0.00969727 2.60351e-05 -2.097e-05 0.00510242
0.00970459 0.000104143 -0.00137493 -0.010112
0.00971191 0.000128251 -0.0105493 -0.00411859
0.00971924 0.000208637 -0.0101953 -0.0102319
0.00972656 0.000119035 -0.00485669 -0.00976973
0.00973389 6.80574e-05 -0.00325739 -0.00757937
0.00974121 0.000326802 0.0146641 -0.010572
0.00974854 0.000446192 0.0155526 -0.0142936
0.00975586 0.00026861 0.0128492 -0.0101739
0.00976318 0.000221794 0.0148229 0.00144054
0.00977051 0.000157571 0.0101497 0.00738609
0.00977783 0.000367999 0.00579171 0.0182881
0.00978516 0.000479487 0.00840587 0.0202195
0.00979248 0.000113996 0.000192955 0.0106751
0.0097998 0.000143254 -0.0110945 0.00449073
0.00980713 0.000214219 -0.014069 0.00403505
0.00981445 0.000359566 -0.0180225 -0.0058953
0.00982178 0.000156679 -0.0122043 -0.00278073
0.0098291 3.14312e-05 -0.00353019 -0.00435534
0.00983643 0.000338573 0.00843983 -0.0163506
0.00984375 0.000131696 0.00395569 -0.0107726
0.00985107 0.000186728 0.00648229 -0.0120295
0.0098584 7.2798e-05 0.00783949 -0.00336755
0.00986572 9.40728e-06 -0.00144971 0.00270289
0.00987305 0.000222719 0.0124035 0.00829899
0.00988037 7.97128e-05 0.00765033 0.00460274
0.0098877 4.67268e-05 0.00549108 -0.00407122
0.00989502 3.33012e-05 0.00451124 0.00359859
0.00990234 2.28715e-05 -0.00168036 -0.00447748
0.00990967 4.5197e-05 2.42068e-05 0.00672282
0.00991699 0.000175735 0.000688667 0.0132386
0.00992432 0.000115492 0.00888283 0.00604877
0.00993164 7.72548e-05 -0.00073675 0.00875854
0.00993896 2.46871e-05 -0.00388544 0.00309685
0.00994629 8.4311e-05 -0.00915711 0.000677014
0.00995361 0.000394589 -0.0198642 6.25181e-05
0.00996094 0.000113925 -0.0105854 0.00136952
0.00996826 7.06587e-05 -0.00394426 -0.00742304
0.00997559 0.000196774 -0.000153333 -0.0140268
0.00998291 0.000284189 0.00787166 -0.0149073
0.00999023 0.000385521 0.010475 -0.0166071
0.00999756 9.49855e-05 0.00646133 -0.00729635
0.0100049 0.000254254 0.0140919 0.00746131
0.0100122 0.000352629 0.0144802 0.0119562
0.0100195 0.000279874 0.010947 0.0126506
0.0100269 0.000346242 0.0066226 0.0173892
0.0100342 4.17614e-05 -0.00424215 0.004875
0.0100415 0.000233914 -0.0132954 0.00755946
0.0100488 0.000427975 -0.0187803 0.00867622
0.0100562 6.30651e-05 -0.00792696 -0.000477935
0.0100635 9.04902e-05 -0.00948953 0.00066257
0.0100708 8.77457e-05 0.000204645 -0.00936503
0.0100781 0.000141157 0.0051632 -0.0107004
0.0100854 0.000191816 -0.00643068 -0.0122663
0.0100928 1.39425e-05 0.00300098 -0.00222186
0.0101001 4.47958e-06 -0.000630222 0.0020205
0.0101074 9.22785e-06 0.00300972 -0.000411656
0.0101147 0.000105243 0.00807812 0.00632354
0.0101221 0.000106844 0.00595169 -0.0084511
0.0101294 4.06881e-05 0.00337683 -0.00541158
0.0101367 1.09667e-06 -0.000959948 0.000418534
0.010144 2.77466e-05 0.00523991 0.000538453
0.0101514 0.000125895 0.00200118 0.0110404
0.0101587 0.000209371 0.00771711 0.01224
0.010166 0.000119303 0.00726925 0.00815237
0.0101733 6.93118e-05 -0.0063462 0.00538865
0.0101807 0.000154854 -0.0108377 0.00611546
0.010188 0.000249194 -0.0157498 0.00106721
0.0101953 0.00036186 -0.0190094 0.000708203
0.0102026 8.1329e-05 -0.00845972 -0.00312444
0.01021 0.000172237 0.00103311 -0.0130832
0.0102173 0.000343192 0.000491819 -0.0185189
0.0102246 0.000335698 0.0101948 -0.0152238
0.0102319 0.000172984 0.007996 -0.0104426
0.0102393 7.096e-05 0.00825915 -0.00165727
0.0102466 0.000425382 0.0138013 0.0153267
0.0102539 0.000205223 0.0109059 0.00928892
0.0102612 0.000218916 0.00794745 0.0124802
0.0102686 0.000123586 -0.0033473 0.010601
0.0102759 3.83405e-05 -0.00616444 -0.000583231
0.0102832 0.000355169 -0.0174138 0.00720605
0.0102905 0.000145743 -0.0119576 0.00166079
0.0102979 3.84423e-06 -0.0017703 0.000842772
0.0103052 4.89763e-05 -0.00582637 -0.00387682
0.0103125 9.95455e-05 0.00698496 -0.00712431
0.0103198 7.17341e-05 -0.00101671 -0.00840835
0.0103271 0.000103746 -0.00559343 -0.0085123
0.0103345 1.25244e-05 -0.00117141 0.00333949
0.0103418 1.17282e-05 -0.00249748 -0.00234324
0.0103491 1.36899e-05 0.00368271 0.00035709
0.0103564 5.91586e-05 0.00746855 -0.00183828
0.0103638 0.00021399 0.00889071 -0.0116166
0.0103711 2.80154e-05 0.00337403 -0.00407815
0.0103784 3.1675e-05 0.00529169 0.00191652
0.0103857 7.00773e-05 0.00483198 0.00683588
0.0103931 0.000250876 0.00260175 0.0156239
0.0104004 0.00026648 0.00484863 0.0155875
0.0104077 3.32564e-05 -0.00150982 0.00556569
0.010415 0.000180027 -0.0125121 0.00484512
0.0104224 0.000249484 -0.0155712 -0.00264994
0.0104297 0.000293536 -0.0157113 -0.00683298
0.010437 0.000277899 -0.0157356 -0.00550371
0.0104443 0.000123267 0.00362079 -0.0104956
0.0104517 0.000213984 0.00762338 -0.0124847
0.010459 0.000336627 0.0106389 -0.0149479
0.0104663 0.000316004 0.0168883 -0.00554884
0.0104736 3.08818e-05 0.00468532 -0.00298824
0.010481 0.00016164 0.0074979 0.0102675
0.0104883 0.000344945 0.00409885 0.0181148
0.0104956 6.41817e-05 0.00220923 0.00770071
0.0105029 0.000174865 -0.000375723 0.0132183
0.0105103 2.41481e-05 -0.00480975 -0.00100716
0.0105176 7.27427e-05 -0.00636945 -0.00567211
0.0105249 0.000222696 -0.0149044 0.000744174
0.0105322 1.60231e-05 -0.00354806 -0.00185322
0.0105396 1.29908e-05 -0.00207465 0.0029473
0.0105469 1.17837e-06 0.000918529 -0.000578513
0.0105542 6.18489e-05 0.00666325 -0.00417733
0.0105615 8.64074e-05 -0.00485276 -0.00792831
0.0105688 3.56066e-05 -0.00332425 -0.0049554
0.0105762 3.02481e-05 -0.00132344 -0.00533822
0.0105835 4.13548e-05 -0.00291324 -0.00573304
0.0105908 3.84877e-05 0.0056566 0.00254767
0.0105981 0.000271815 0.0164864 -0.000117275
0.0106055 0.000179088 0.012909 -0.00352768
0.0106128 6.53397e-05 0.00795563 0.00143095
0.0106201 8.8362e-05 -0.000161505 0.00939872
0.0106274 0.000249446 -0.00682552 0.0142428
0.0106348 0.000338223 -0.00291145 0.0181589
0.0106421 0.000133138 -0.0106001 0.00455813
0.0106494 0.000176846 -0.0132792 -0.0007129
0.0106567 9.36167e-05 -0.00967153 -0.000279821
0.0106641 0.000473574 -0.00186277 -0.0216819
0.0106714 0.000396181 -0.00657559 -0.0187868
0.0106787 0.000134302 -0.00738557 -0.00893058
0.010686 0.0002181 0.0147183 0.00121259
0.0106934 0.000335685 0.017947 0.00368667
0.0107007 0.000397163 0.0187483 -0.00675742
0.010708 2.20807e-05 0.00264686 0.00388263
0.0107153 0.00019349 -0.00604232 0.0125292
0.0107227 0.000221783 0.00829696 0.012367
0.01073 6.51263e-05 -0.00773842 -0.00228981
0.0107373 0.000281842 -0.016624 0.00234176
0.0107446 0.000330627 -0.00356785 0.0178297
0.010752 0.000126966 0.0109561 -0.00263244
0.0107593 0.000259156 0.00390482 -0.0156176
0.0107666 0.00035461 -0.0160938 -0.00977754
0.0107739 0.000222701 -0.0129609 0.00739706
0.0107812 0.000151306 0.00414969 0.0115796
0.0107886 0.000183889 0.008637 -0.0104542
0.0107959 0.000306972 -0.00919667 -0.0149128
0.0108032 4.63718e-05 -0.00543323 0.00410509
0.0108105 0.00030948 0.0175737 -0.000802116
0.0108179 0.000638223 0.015026 -0.0203087
0.0108252 6.50669e-05 -0.00548185 -0.00591745
0.0108325 0.000264256 -0.00169403 0.0161674
0.0108398 0.000848033 0.0160095 0.0243255
0.0108472 0.000215867 0.0117542 0.00881507
0.0108545 2.01782e-05 -0.00323382 -0.00311778
0.0108618 0.000626489 -0.0233502 0.00901435
0.0108691 0.000221086 -0.0136905 0.00580146
0.0108765 5.79209e-05 -0.00494739 -0.0057831
0.0108838 0.000539257 -0.017464 -0.0153058
0.0108911 4.14047e-05 -0.00102398 -0.00635265
0.0108984 0.000119737 0.00914846 -0.00600355
0.0109058 0.000405963 0.0134967 -0.0149601
0.0109131 0.000195573 0.0138725 -0.00176855
0.0109204 4.99993e-05 0.00597876 -0.00377542
0.0109277 3.73978e-05 0.00192565 0.00580428
0.0109351 0.000351661 -0.00507112 0.0180539
0.0109424 0.000175601 0.00399539 0.0126348
0.0109497 8.36059e-05 0.00565266 0.00718702
0.010957 9.39703e-05 -0.00242874 -0.00938464
0.0109644 0.000184219 -0.0120777 -0.0061926
0.0109717 0.000191171 -0.0108644 0.00855189
0.010979 5.20995e-05 0.0068507 0.0022732
0.0109863 8.59965e-05 -0.00175718 -0.00910543
0.0109937 0.000185413 -0.0134955 0.00181228
0.011001 9.00304e-05 0.000541588 0.00947297
0.0110083 0.000153696 0.01047 -0.00663897
0.0110156 0.000319888 -0.000892674 -0.0178631
0.0110229 0.000240429 -0.00686738 -0.0139021
0.0110303 1.07092e-05 -0.00241012 0.0022137
0.0110376 0.000140068 0.0105089 0.00544351
0.0110449 0.000425998 0.0204167 0.00302618
0.0110522 7.29295e-05 0.00701337 0.0048726
0.0110596 0.000104493 0.00675395 0.00767315
0.0110669 0.000113209 -0.00282247 0.0102588
0.0110742 0.000334156 -0.0172098 0.00616259
0.0110815 0.000231828 -0.00908024 0.012222
0.0110889 0.000164363 -0.0121314 -0.00414623
0.0110962 0.000332015 -0.0127267 -0.0130401
0.0111035 3.69687e-05 -0.0060641 0.00044206
0.0111108 0.000343167 0.012421 -0.0137436
0.0111182 0.000577174 0.0153445 -0.0184856
0.0111255 0.000158341 -0.00167258 -0.0124717
0.0111328 3.13947e-05 0.0014977 0.00539923
0.0111401 0.00052311 0.00747372 0.0216161
0.0111475 0.000264193 0.0144651 0.00741305
0.0111548 9.68648e-06 0.00298221 0.000890447
0.0111621 0.000113482 -0.00975904 0.00427115
0.0111694 7.26046e-06 -0.00143221 0.00228238
0.0111768 5.77841e-05 -0.00698047 -0.00300952
0.0111841 6.88598e-05 -0.00815267 0.00154715
0.0111914 7.09475e-06 0.000798138 0.00254121
0.0111987 1.22404e-05 -0.00242469 -0.00252216
0.0112061 4.65893e-05 -0.00572811 0.00371189
0.0112134 3.03676e-05 0.00523268 0.00172819
0.0112207 0.000125158 0.00355022 -0.0106091
0.011228 0.000357733 -0.00691043 -0.0176062
0.0112354 8.88698e-05 -0.00825783 -0.00454731
0.0112427 3.99172e-05 -0.000417783 0.00630418
0.01125 0.000506328 0.0222325 0.00347046
0.0112573 0.000260307 0.0158922 -0.00278335
0.0112646 6.91644e-06 0.00256746 -0.000569726
0.011272 0.00027136 0.00442554 0.0158674
0.0112793 9.21234e-05 -0.00604126 0.00745833
0.0112866 0.000180432 -0.0110554 0.00762957
0.0112939 0.000317145 -0.0138825 0.0111544
0.0113013 0.000170786 -0.00970991 -0.00874664
0.0113086 0.000126357 -0.00995665 -0.0052175
0.0113159 6.29688e-05 -0.00217218 -0.0076322
0.0113232 0.000499722 0.0156649 -0.0159478
0.0113306 0.000283168 0.00574556 -0.0158164
0.0113379 7.40336e-05 0.000708568 -0.00857505
0.0113452 0.000221665 0.00240971 0.0146921
0.0113525 0.000407264 0.0101569 0.0174385
0.0113599 0.000235466 0.0144287 0.0052229
0.0113672 1.72429e-05 -0.00412583 0.000469514
0.0113745 5.514e-05 -0.00685776 0.002848
0.0113818 2.27003e-05 -0.00470546 -0.000747654
0.0113892 0.000111275 -0.0104738 -0.00125533
0.0113965 3.94339e-05 -0.00336611 0.00530124
0.0114038 2.0511e-05 0.00408145 -0.00196286
0.0114111 4.07245e-05 -0.00563964 -0.00298646
0.0114185 2.46806e-05 -0.00351284 0.00351291
0.0114258 4.8949e-05 0.00699513 0.000130758
0.0114331 0.000197189 0.00020167 -0.014041
0.0114404 0.000213756 -0.00371855 -0.0141396
0.0114478 6.17145e-05 -0.00783531 -0.000567807
0.0114551 6.26184e-05 0.00635132 0.00472007
0.0114624 0.000458206 0.0200178 0.00758256
0.0114697 9.65269e-05 0.00982471 -4.46634e-05
0.0114771 0.000109684 0.00880433 0.0056717
0.0114844 7.98777e-05 -0.00404584 0.00796925
0.0114917 0.00026176 -0.0158484 0.00325372
0.011499 0.000459518 -0.0131604 0.016921
0.0115063 5.56351e-05 -0.00734519 -0.00129738
0.0115137 0.000260638 -0.00635189 -0.0148422
0.011521 0.000147456 -0.0106336 -0.00586377
0.0115283 0.000182114 0.00888039 -0.0101613
0.0115356 0.000339595 0.0151615 -0.0104749
0.011543 0.000159318 0.00705564 -0.0104659
0.0115503 3.28888e-05 0.0057276 0.000288684
0.0115576 0.000177776 -0.00104294 0.0132924
0.0115649 0.000224159 0.00290354 0.0146877
0.0115723 0.000154159 0.00309234 0.0120248
0.0115796 1.51255e-05 0.00156731 0.00355935
0.0115869 7.81818e-05 -0.000955113 -0.00879031
0.0115942 0.000294561 -0.01422 -0.00961006
0.0116016 0.000199332 -0.0124964 0.00657056
0.0116089 3.53217e-05 0.00444178 0.00394871
0.0116162 2.72004e-05 0.00282218 -0.00438585
0.0116235 3.30773e-05 -0.00571829 -0.000615236
0.0116309 1.9431e-05 0.00422787 -0.00124742
0.0116382 2.68694e-05 -1.77239e-05 -0.00518354
0.0116455 7.5177e-05 -1.20829e-05 -0.00867046
0.0116528 7.43315e-05 0.00743652 -0.0043623
0.0116602 4.49347e-05 0.000235308 -0.0066992
0.0116675 2.79151e-05 0.00450262 0.00276433
0.0116748 0.000326844 0.00330368 0.0177744
0.0116821 0.000269769 0.0101984 0.0128748
0.0116895 0.000157534 0.0104248 0.00698988
0.0116968 0.000247383 -0.0146835 -0.00563713
0.0117041 0.000335423 -0.0183101 0.000406098
0.0117114 0.000227783 -0.0147489 0.003202
0.0117188 0.000200613 -0.00914184 -0.0108185
0.0117261 1.42974e-05 0.00225719 -0.00303356
0.0117334 0.000270482 0.011974 -0.0112741
0.0117407 0.000384753 0.0122896 -0.0152879
0.011748 3.12053e-05 0.0045194 0.00328334
0.0117554 0.000191184 0.0118932 0.00705236
0.0117627 7.20348e-05 0.00686579 0.00498956
0.01177 9.76777e-05 -0.00742731 0.00652018
0.0117773 0.000188613 -0.00944669 0.0099686
0.0117847 0.000131652 -0.00624743 0.00962402
0.011792 6.94439e-06 0.000436224 0.00259886
0.0117993 6.37671e-05 0.00131223 -0.00787688
0.0118066 7.78761e-05 0.000414797 -0.00881499
0.011814 0.000115963 -0.00503524 -0.00951888
0.0118213 0.000115732 -0.00993683 -0.00412208
0.0118286 0.000199036 -0.00433294 0.0134261
0.0118359 9.69293e-05 0.00976589 0.00124765
0.0118433 0.00015889 0.00846196 -0.00934267
0.0118506 2.42776e-05 -0.00240712 -0.00429923
0.0118579 0.000117166 0.00899487 -0.00602147
0.0118652 1.26335e-05 0.00353353 0.0003843
0.0118726 2.45691e-05 -6.50824e-05 0.00495629
0.0118799 0.000194359 0.00862191 0.0109554
0.0118872 0.000111955 -0.00669277 0.00819524
0.0118945 0.000128127 -0.00844211 0.00754044
0.0119019 0.00019214 -0.00770835 0.0115205
0.0119092 5.92636e-05 -0.00503381 -0.00582446
0.0119165 0.00027481 0.000503539 -0.0165697
0.0119238 0.000465119 -0.0107077 -0.0187207
0.0119312 9.55516e-05 -0.00204345 -0.00955907
0.0119385 8.46931e-05 0.00898711 0.00198114
0.0119458 0.000122452 0.0102302 0.00421852
0.0119531 0.000484556 0.0180743 0.0125649
0.0119604 0.000188375 0.0133727 0.00308953
0.0119678 5.10936e-05 -0.00690839 -0.00183513
0.0119751 0.00030678 -0.0140745 0.0104253
0.0119824 7.82304e-05 -0.00653659 0.00595847
0.0119897 8.52545e-05 -0.00863317 -0.00327458
0.0119971 2.31628e-05 -0.00453383 -0.00161467
0.0120044 9.11205e-06 0.000639731 -0.00295005
0.0120117 4.13996e-05 0.00131659 -0.00629811
0.012019 2.34489e-05 0.0047649 0.000862942
0.0120264 2.16427e-05 0.00325637 -0.00332247
0.0120337 8.682e-05 0.00517688 -0.00774725
0.012041 5.37184e-05 -0.00554308 -0.00479506
0.0120483 6.46163e-05 -0.00797125 -0.00103708
0.0120557 0.000237198 0.00709851 0.0136678
0.012063 0.000131222 0.0107964 0.00382892
0.0120703 0.000122429 0.0110561 -0.000437074
0.0120776 5.68919e-05 0.00301134 0.00691547
0.012085 6.66877e-05 -0.00598252 -0.00555852
0.0120923 0.000334695 -0.0171546 0.00635727
0.0120996 0.000355379 -0.01542 0.0108444
0.0121069 3.02497e-05 0.000855584 -0.00543302
0.0121143 0.000113504 -0.00480745 -0.00950752
0.0121216 0.00015099 0.00166281 -0.0121748
0.0121289 0.000226034 0.0122186 -0.00876013
0.0121362 9.30773e-05 0.0086033 -0.00436583
0.0121436 0.000156873 0.0123973 0.00178299
0.0121509 9.3813e-05 0.00609253 0.00752955
0.0121582 8.18355e-05 -0.00334238 0.00840618
0.0121655 0.000235088 -0.0101148 0.011523
0.0121729 0.000286605 -0.00955213 0.0139772
0.0121802 1.75441e-05 0.00109717 0.00404232
0.0121875 0.000209473 0.000959252 -0.0144414
0.0121948 0.000186089 -0.00573537 -0.0123772
0.0122021 0.000100871 -0.00337893 -0.00945802
0.0122095 3.86891e-05 -0.00197622 -0.00589776
0.0122168 0.000121791 -0.00413717 0.0102311
0.0122241 0.000187376 0.0121776 0.00625158
0.0122314 0.000125465 0.0109337 -0.00243295
0.0122388 3.24659e-05 -0.0035165 -0.00448331
0.0122461 2.91935e-05 0.00531967 -0.000945816
0.0122534 2.51387e-06 -0.000523704 0.00149653
0.0122607 5.4501e-07 -0.000700641 0.000232621
0.0122681 8.70158e-05 0.00302746 0.00882328
0.0122754 7.06305e-05 -0.00702687 0.00461017
0.0122827 4.10758e-05 -0.00488122 0.00415325
0.01229 0.000160794 -0.00993947 0.00787405
0.0122974 1.58468e-05 -0.00226694 -0.00327228
0.0123047 0.00020089 0.00655378 -0.0125674
0.012312 0.00042687 -0.00472997 -0.0201121
0.0123193 9.79509e-05 0.00134998 -0.00980451
0.0123267 4.16145e-05 0.00634203 0.00118034
0.012334 8.03848e-05 0.00453789 0.00773255
0.0123413 0.000594101 0.0130858 0.0205636
0.0123486 0.000227736 0.0124602 0.00851354
0.012356 3.51211e-05 -0.00571958 -0.0015516
0.0123633 0.000216065 -0.014384 0.00302754
0.0123706 0.000141793 -0.0117286 -0.00205716
0.0123779 0.000186109 -0.0121576 -0.00618882
0.0123853 1.27028e-05 -0.00118411 -0.00336165
0.0123926 5.5215e-05 0.00498849 -0.00550726
0.0123999 8.73472e-05 0.00580525 -0.00732436
0.0124072 5.30794e-05 0.00671622 0.00282344
0.0124146 2.97956e-05 0.00411048 0.0035916
0.0124219 0.000105158 0.0102509 0.000277941
0.0124292 7.91565e-06 -0.00116839 -0.0025594
0.0124365 8.3742e-05 -0.00830891 -0.00383459
0.0124438 6.3949e-05 -0.00131659 0.00788768
0.0124512 6.28691e-05 -0.00585972 0.0053416
0.0124585 0.000112598 0.00337613 0.0100598
0.0124658 0.000162181 0.00899359 0.00901642
0.0124731 0.000189274 -0.000884785 -0.0137292
0.0124805 0.000147435 -0.0107752 -0.0055973
0.0124878 0.000169333 -0.0124426 -0.00380995
0.0124951 0.000109659 -0.00436284 -0.00951971
0.0125024 4.68805e-06 0.000334175 0.00213925
0.0125098 0.000191545 0.0136136 -0.00249314
0.0125171 0.000283361 0.0164925 -0.0033704
0.0125244 5.20237e-05 0.005646 0.00448847
0.0125317 9.95122e-05 0.00397401 0.00914983
0.0125391 0.000124181 -0.0015226 0.0110391
0.0125464 8.65139e-05 -0.00831409 0.00417011
0.0125537 0.000206522 -0.0142924 -0.0014997
0.012561 0.000158914 -0.0122637 -0.00291824
0.0125684 7.95892e-05 -0.00641017 -0.00620475
0.0125757 2.70781e-05 -0.00019258 -0.0052001
0.012583 0.000246166 0.0156793 0.000571608
0.0125903 0.000343531 0.0155561 -0.0100767
0.0125977 8.9556e-05 0.00400832 -0.0085726
0.012605 6.33698e-05 -0.00283894 0.00743708
0.0126123 4.15883e-05 -0.00598356 0.00240527
0.0126196 0.000181397 -0.00584738 0.0121328
0.012627 0.00016993 0.000149213 0.0130349
0.0126343 0.000126392 0.00987406 -0.00537544
0.0126416 7.17576e-06 -0.000938571 -0.00250895
0.0126489 4.81818e-05 -0.00533147 -0.00444491
0.0126562 3.84487e-06 -0.00120953 -0.00154334
0.0126636 9.93005e-05 -0.00981502 0.00172219
0.0126709 2.56199e-05 -0.00277029 -0.00423621
0.0126782 2.35422e-06 0.000137836 -0.00152814
0.0126855 5.91397e-05 -0.00032144 -0.00768351
0.0126929 5.56248e-05 0.0067464 -0.00317977
0.0127002 0.000138566 0.00939137 0.00709703
0.0127075 0.000255978 0.0159685 0.000992313
0.0127148 2.68634e-05 0.00474311 0.00208957
0.0127222 0.000109851 -0.00756059 0.00725865
0.0127295 0.000129034 -0.0107877 0.00355804
0.0127368 0.000431827 -0.0203109 0.0043926
0.0127441 0.000154013 -0.00938506 0.00811998
0.0127515 0.000104506 0.00703715 -0.00741514
0.0127588 0.000314847 0.00716986 -0.0162308
0.0127661 0.000163242 0.00722311 -0.0105389
0.0127734 0.0001793 0.00851486 -0.0103343
0.0127808 1.98942e-05 -0.000220193 0.00445486
0.0127881 0.000179187 -0.00168253 0.0132799
0.0127954 0.000147871 0.00526974 0.0109591
0.0128027 6.85706e-05 -0.00347197 0.00751772
0.0128101 2.45129e-05 -0.00429236 -0.0024675
0.0128174 5.7527e-06 -0.00184093 0.00153742
0.0128247 2.47948e-05 -0.00360326 -0.00343676
0.012832 5.58197e-05 0.00278949 -0.00693098
0.0128394 5.02982e-06 -0.0020313 0.000950599
0.0128467 7.25004e-05 -0.00136285 -0.00840494
0.012854 3.91887e-05 -0.00542856 -0.0031176
0.0128613 0.000115926 -0.00832704 0.0068254
0.0128687 0.000128615 0.0113067 0.000879451
0.012876 9.68648e-05 0.00984056 -0.00016794
0.0128833 9.75497e-05 0.00979939 -0.00123354
0.0128906 0.000156284 0.0118504 -0.00398142
0.0128979 9.85402e-05 -0.00992467 0.000202949
0.0129053 0.000311074 -0.0129566 0.0119667
0.0129126 0.000198086 -0.00775882 0.0117425
0.0129199 8.68043e-05 -0.0088861 0.00280025
0.0129272 1.86846e-05 -0.00138141 -0.00409589
0.0129346 0.000224312 0.00433219 -0.0143368
0.0129419 0.000213728 0.00354393 -0.0141834
0.0129492 8.76013e-05 0.00549129 -0.00757938
0.0129565 0.00010623 0.00970282 0.00347641
0.0129639 0.000100104 0.00628969 0.00778101
0.0129712 2.83174e-05 0.000738008 0.00526999
0.0129785 0.000229797 -0.00687061 0.0135126
0.0129858 8.81708e-05 -0.00794181 0.00500984
0.0129932 2.0315e-05 -0.00450515 0.000136333
0.0130005 2.10925e-05 -0.00343554 0.00304787
0.0130078 0.000257508 0.00885257 -0.0133843
0.0130151 0.000151343 0.00101947 -0.0122598
0.0130225 8.58335e-05 -0.00832998 -0.00405524
0.0130298 4.0767e-06 0.0016068 -0.00122266
0.0130371 0.000109613 -0.00658879 0.0081364
0.0130444 7.80366e-05 0.00345946 0.00812827
0.0130518 0.000267426 0.0162298 0.00200515
0.0130591 4.99142e-05 0.00383639 -0.00593264
0.0130664 3.37908e-05 0.00397999 -0.0042368
0.0130737 1.4331e-05 -0.00251528 0.0028292
0.0130811 0.000119573 -0.00984511 0.00475882
0.0130884 0.000120273 -0.00664599 0.00872373
0.0130957 6.71216e-05 -0.00701576 0.00423092
0.013103 4.73417e-05 -0.00331385 -0.00602993
0.0131104 0.000111221 -0.00254725 -0.0102339
0.0131177 4.61525e-05 0.00331374 -0.00593057
0.013125 0.00019183 0.0125882 -0.00577639
0.0131323 0.000139405 0.0111714 -0.00382161
0.0131396 0.000115683 0.00749607 0.00771309
0.013147 1.05625e-05 0.00142445 0.0029212
0.0131543 0.000198413 -0.0119608 0.00743995
0.0131616 0.000490877 -0.0152746 0.0160488
0.0131689 8.00743e-06 -0.00239928 0.00150029
0.0131763 4.65249e-06 -0.00126558 -0.00174665
0.0131836 0.000105762 0.00390858 -0.00951234
0.0131909 0.000445911 0.0111018 -0.0179628
0.0131982 8.22495e-05 -0.00498302 -0.00757753
0.0132056 7.32925e-06 -0.00270721 -1.63498e-05
0.0132129 0.000107842 0.00263929 0.0100437
0.0132202 9.20542e-05 -0.00232712 0.00930799
0.0132275 7.37391e-05 0.00777146 0.00365286
0.0132349 2.50959e-05 0.00432738 0.00252383
0.0132422 3.43791e-05 -0.000185911 -0.00586042
0.0132495 7.38101e-07 -0.000858504 3.27434e-05
0.0132568 5.52247e-05 -0.00530105 0.00520802
0.0132642 7.83288e-06 -0.00173925 -0.00219269
0.0132715 6.92653e-05 -0.0082107 -0.00136001
0.0132788 4.8568e-05 -0.00660903 -0.00221106
0.0132861 6.7046e-05 -0.000232202 -0.00818487
0.0132935 4.72442e-06 -0.000518445 -0.00211084
0.0133008 0.000208654 0.0136616 0.00469206
0.0133081 0.000312402 0.0174789 -0.00262472
0.0133154 4.87019e-05 0.00667201 0.00204602
0.0133228 3.67219e-05 -0.000985278 0.00597922
0.0133301 0.000139275 -0.0117953 -0.000382053
0.0133374 0.000495255 -0.0199913 0.00977776
0.0133447 0.000152813 -0.0109834 0.00567253
0.0133521 3.60075e-05 0.00346813 -0.0048969
0.0133594 6.8266e-05 0.00555342 -0.00611764
0.0133667 0.000347412 0.0115888 -0.0145983
0.013374 0.000142104 0.0099163 -0.00661597
0.0133813 6.18464e-06 -0.00247922 0.000195224
0.0133887 3.45878e-05 3.28345e-05 0.00588104
0.013396 0.000192857 -0.00158985 0.013796
0.0134033 1.7751e-05 -0.00410157 0.000963388
0.0134106 1.02928e-05 -0.001358 0.00290665
0.013418 1.18974e-05 -0.00225281 0.00261195
0.0134253 4.24329e-05 0.000190863 -0.00651126
0.0134326 2.16007e-05 -0.000635059 0.00460406
0.0134399 1.46566e-05 0.00335133 -0.00185072
0.0134473 0.00012846 0.000452093 -0.011325
0.0134546 7.14676e-05 -0.00766515 -0.00356555
0.0134619 3.1484e-05 -0.00124085 -0.00547213
0.0134692 3.97449e-06 -0.00159605 -0.00119461
0.0134766 0.000164329 0.00489286 0.0118486
0.0134839 0.000328078 0.0155847 0.00923018
0.0134912 8.07614e-05 0.00850792 0.00289425
0.0134985 1.18828e-05 -0.000278005 0.00343592
0.0135059 0.000142403 -0.0110414 -0.00452674
0.0135132 0.000308411 -0.0165349 -0.00591692
0.0135205 0.00019893 -0.0141001 -0.000343389
0.0135278 2.85185e-05 -0.00192221 -0.00498233
0.0135352 0.000177187 0.0130235 -0.00275264
0.0135425 0.000118404 0.0104934 -0.00287947
0.0135498 0.000163279 0.0127547 -0.0007721
0.0135571 0.000104365 0.00726341 0.00718386
0.0135645 7.04316e-05 -0.00767847 0.00338713
0.0135718 7.16887e-05 -0.00265569 0.00803965
0.0135791 4.12742e-05 -0.00637741 0.000776397
0.0135864 0.000199776 -0.0106894 -0.00924732
0.0135937 7.97438e-06 -0.00198448 0.00200904
0.0136011 1.84486e-05 -0.00224803 -0.00365991
0.0136084 1.97341e-06 0.00119261 0.000742344
0.0136157 0.000157179 0.0090382 0.00868849
0.013623 0.000128376 0.0082118 -0.00780658
0.0136304 5.58253e-05 0.00261144 -0.00700041
0.0136377 2.30931e-05 -0.000706792 -0.00475327
0.013645 4.61022e-05 -0.00443312 -0.00514293
0.0136523 0.000118771 -0.00562191 0.00933621
0.0136597 0.000221286 0.000925184 0.0148469
0.013667 0.000111793 0.0027103 0.0102199
0.0136743 6.06991e-06 0.00143906 0.00199975
0.0136816 4.58162e-05 -0.00326053 -0.0059317
0.013689 0.000232307 -0.0064905 -0.0137906
0.0136963 0.000191455 -0.00283121 -0.013544
0.0137036 1.37268e-05 -0.00204948 -0.00308649
0.0137109 0.000104235 0.0102043 -0.000328821
0.0137183 0.000153638 0.0109087 0.00588547
0.0137256 0.000140002 -0.000421478 0.0118247
0.0137329 8.50502e-05 0.00429602 0.00816054
0.0137402 0.000128633 -0.00907269 0.00680584
0.0137476 0.000114181 -0.0105502 0.00169534
0.0137549 6.34315e-05 0.00478436 -0.00636722
0.0137622 0.000187406 -0.00515654 -0.0126813
0.0137695 0.000121831 0.00129095 -0.010962
0.0137769 3.07388e-05 0.00414465 -0.00368248
0.0137842 5.99527e-05 -0.00747608 0.00201518
0.0137915 0.000165068 0.003634 0.0123232
0.0137988 0.000147999 0.00608254 0.0105357
0.0138062 2.512e-05 0.00497986 0.000566585
0.0138135 7.17193e-05 0.00805586 -0.00261197
0.0138208 5.35863e-05 -0.000735864 -0.00728319
0.0138281 7.35408e-05 -0.00704675 -0.00488714
0.0138354 0.000121333 -0.0104947 0.00334587
0.0138428 0.000116053 -0.00790506 0.00731868
0.0138501 1.02074e-05 -0.00259708 0.0018608
0.0138574 1.35445e-05 0.00139285 -0.00340653
0.0138647 8.39635e-05 0.00805127 -0.00437498
0.0138721 0.00019456 0.0078289 -0.0115442
0.0138794 4.17148e-05 0.00645839 -6.34049e-05
0.0138867 0.000124875 0.00626195 0.00925544
0.013894 4.11788e-06 0.000761943 0.00188078
0.0139014 0.000178577 -0.00711734 0.0113102
0.0139087 0.000120054 -0.0107815 0.00195248
0.013916 0.000196396 -0.0110441 -0.00862696
0.0139233 9.45474e-05 -0.00939125 0.0025203
0.0139307 6.86638e-05 0.00502081 -0.00659206
0.013938 0.000212843 0.0139862 -0.0041508
0.0139453 0.000132306 0.0113024 0.00213588
0.0139526 0.000179451 0.0115367 -0.00680846
0.01396 6.51669e-06 -0.00245131 0.000712588
0.0139673 0.000198799 -0.0136761 0.00342973
0.0139746 9.74532e-05 -0.00856863 0.00490223
0.0139819 0.000123982 -0.00601708 0.00936891
0.0139893 1.13746e-05 0.0015499 0.0029954
0.0139966 8.09576e-05 0.00898664 0.00044486
0.0140039 6.98068e-05 0.00531076 -0.00645001
0.0140112 8.60093e-05 -0.00277323 -0.00884978
0.0140186 2.57961e-05 -0.00341816 -0.00375664
0.0140259 2.96679e-05 -0.00202777 -0.0050553
0.0140332 1.01148e-05 -0.00314189 0.000493329
0.0140405 9.60506e-05 0.00874354 0.00442731
0.0140479 5.21135e-05 0.00653137 0.00307487
0.0140552 7.37825e-05 -0.00336727 0.00790215
0.0140625 9.58203e-05 0.00260687 0.00943528
0.0140698 8.53095e-05 -0.00868881 0.00313273
0.0140771 6.6207e-05 -0.00771345 -0.0025903
0.0140845 9.23006e-05 0.00463129 -0.00841735
0.0140918 0.000304493 -0.00367429 -0.0170585
0.0140991 0.000133428 0.00396627 -0.0108488
0.0141064 3.05032e-05 0.00491021 0.00252844
0.0141138 6.64598e-05 -0.00246342 0.00777119
0.0141211 0.000355785 0.00577302 0.0179571
0.0141284 0.000217033 0.00137803 0.0146674
0.0141357 4.83264e-06 0.000820593 -0.00203943
0.0141431 5.21692e-05 4.88354e-05 -0.00722266
0.0141504 0.000206433 -0.00742845 -0.0122984
0.0141577 0.000160016 -0.00383282 -0.0120551
0.014165 3.56911e-05 -0.00594391 0.00060084
0.0141724 4.79805e-05 -0.000273186 0.00692141
0.0141797 5.79237e-05 0.00648956 0.00397609
0.014187 2.21103e-05 0.00236507 0.00406408
0.0141943 5.25501e-05 0.00714708 0.00121215
0.0142017 4.98388e-05 0.00340143 -0.0061862
0.014209 8.71427e-06 -0.00144325 0.00257513
0.0142163 2.81635e-05 0.00182356 0.00498379
0.0142236 1.99e-05 -0.00380967 -0.00232088
0.014231 7.16451e-05 -0.00708706 0.00462804
0.0142383 7.59723e-05 -0.00700917 -0.00518109
0.0142456 0.000149259 -0.00673243 -0.0101947
0.0142529 8.14594e-06 -0.00167969 0.00230751
0.0142603 7.93312e-05 0.00846396 -0.00277353
0.0142676 0.000263642 0.0155897 0.00453912
0.0142749 0.000200191 0.0107032 0.00925383
0.0142822 3.68434e-05 0.00578411 -0.00184051
0.0142896 4.37383e-05 -0.00642534 0.00156629
0.0142969 0.000407519 -0.0199854 -0.00284649
0.0143042 0.000174439 -0.0126618 -0.00375732
0.0143115 4.23752e-05 -0.00622527 0.00190297
0.0143188 7.09585e-06 0.0022978 -0.00134758
0.0143262 0.00030797 0.0174369 0.00198136
0.0143335 0.000146556 0.0119206 -0.00211067
0.0143408 1.67876e-05 0.00316306 -0.00260435
0.0143481 3.88682e-06 0.00138016 0.00140782
0.0143555 8.03463e-05 -0.00858129 -0.00258994
0.0143628 8.75846e-05 -0.00823301 0.00444996
0.0143701 9.72795e-06 0.00141571 0.00277916
0.0143774 8.09657e-06 -0.0027828 -0.000593775
0.0143848 2.62427e-05 -0.00276433 0.00431291
0.0143921 8.92144e-06 0.00220689 -0.00201272
0.0143994 2.86922e-05 -0.00528735 -0.000857964
0.0144067 6.09911e-06 0.00190766 -0.00156842
0.0144141 0.000179469 0.0117337 -0.00646436
0.0144214 3.12447e-05 0.00445521 -0.00337576
0.0144287 6.60946e-05 0.00726512 -0.00364866
0.014436 1.81575e-05 -0.000220242 0.00425546
0.0144434 0.00029657 -0.015024 0.00841728
0.0144507 0.000157834 -0.00943039 0.00830071
0.014458 0.000141163 -0.00742246 0.00927738
0.0144653 3.42574e-05 -0.000639652 -0.00581793
0.0144727 0.00024393 0.012368 -0.0095375
0.01448 0.000216945 0.0108977 -0.00990878
0.0144873 0.000214255 0.00646971 -0.01313
0.0144946 2.50744e-05 3.032e-07 0.00500743
0.014502 0.000119848 -0.00615289 0.00905484
0.0145093 0.000127848 -0.00860908 0.00733022
0.0145166 0.000181956 -0.00501905 0.0125206
0.0145239 6.63891e-06 0.0016074 -0.00201375
0.0145312 3.9585e-05 -0.000292398 -0.00628486
0.0145386 1.99922e-05 0.00412232 -0.00173166
0.0145459 5.55299e-05 0.00331169 -0.00667552
0.0145532 1.17098e-05 -0.00308222 -0.0014865
0.0145605 2.18091e-05 0.00451651 0.00118752
0.0145679 2.18349e-05 4.33569e-05 -0.00467258
0.0145752 8.86385e-06 -0.00143047 -0.00261106
0.0145825 2.41918e-05 0.00361818 0.00333175
0.0145898 6.08877e-05 -0.00583658 0.005179
0.0145972 9.96476e-05 -0.00182992 0.0098132
0.0146045 0.000138432 -0.000393913 0.0117591
0.0146118 1.50151e-05 -0.00315434 -0.00225062
0.0146191 0.000141851 0.00504747 -0.0107877
0.0146265 0.00015612 0.000753304 -0.0124721
0.0146338 0.000296326 0.00176049 -0.0171239
0.0146411 6.52012e-06 0.00220094 -0.00129459
0.0146484 0.000192842 -0.00344975 0.0134514
0.0146558 0.000155971 0.00195666 0.0123346
0.0146631 0.000283529 -0.00239472 0.0166672
0.0146704 3.00041e-05 -0.00131947 0.0053163
0.0146777 0.000145794 0.00196266 -0.0119139
0.0146851 0.000111327 -0.00421259 -0.00967373
0.0146924 0.000121328 0.00246851 -0.0107347
0.0146997 5.53283e-05 0.000714017 -0.00740395
0.014707 4.40927e-05 -0.000817874 0.00658967
0.0147144 4.44452e-05 0.00434194 0.00505893
0.0147217 9.59892e-06 -0.00260265 0.00168081
0.014729 3.66256e-05 -0.000207408 0.00604836
0.0147363 2.81539e-07 -0.000175361 0.000500787
0.0147437 4.52546e-06 -0.00200313 0.000716189
0.014751 6.52954e-05 0.00346366 0.00730057
0.0147583 2.32017e-06 -0.000465979 -0.00145018
0.0147656 4.48734e-05 0.00116772 -0.0065962
0.0147729 4.62642e-05 -0.00173775 -0.00657605
0.0147803 0.000208581 -0.00520337 -0.0134724
0.0147876 2.27213e-05 0.0013438 -0.00457334
0.0147949 9.27662e-05 -0.00201092 0.00941926
0.0148022 0.000151557 0.00511616 0.0111974
0.0148096 0.000288442 0.00714834 0.0154059
0.0148169 9.41942e-05 -0.00215998 0.00946196
0.0148242 7.20001e-05 0.0023576 -0.00815118
0.0148315 0.000220939 -0.00667462 -0.0132811
0.0148389 0.000237305 -0.00801318 -0.0131565
0.0148462 0.00012925 0.00255292 -0.0110785
0.0148535 1.76897e-05 -0.00197803 0.00371175
0.0148608 0.000179888 0.00597504 0.0120078
0.0148682 0.000105509 0.00657901 0.00788831
0.0148755 7.97982e-05 -0.00237358 0.00861187
0.0148828 4.02797e-06 0.00101001 0.00173431
0.0148901 6.91437e-05 -0.00367251 -0.00746032
0.0148975 7.68687e-06 -0.00246846 -0.00126237
0.0149048 1.15666e-05 0.00183754 -0.00286183
0.0149121 3.32659e-05 6.20093e-05 -0.00576733
0.0149194 1.606e-06 0.00100503 0.000771955
0.0149268 3.79781e-05 -0.00344351 -0.0051108
0.0149341 1.90398e-05 -0.00138759 -0.00413695
0.0149414 4.5892e-05 -0.000689314 0.0067392
0.0149487 3.83877e-05 0.000935155 0.0061248
0.0149561 0.000185563 0.0092588 0.00999188
0.0149634 0.000100348 0.00135112 0.00992585
0.0149707 1.98527e-05 0.000605724 -0.00441427
0.014978 0.000125983 -0.0017187 -0.0110918
0.0149854 0.000324024 -0.0128515 -0.0126041
0.0149927 0.00015946 -0.00163787 -0.0125211
