5.60449e-06 0.997268 0.996123 -0.0477815
1.28646e-05 0.983889 0.982791 -0.0464809
2.01677e-05 0.960543 0.959443 -0.0459515
2.74804e-05 0.927211 0.926154 -0.0442547
3.47968e-05 0.884302 0.883291 -0.0422714
4.21149e-05 0.83284 0.831853 -0.0405235
4.94341e-05 0.773454 0.772518 -0.038033
5.67539e-05 0.706929 0.706018 -0.0358806
6.4074e-05 0.634602 0.633697 -0.0338717
7.13945e-05 0.557437 0.556534 -0.0317149
7.87151e-05 0.476564 0.475598 -0.0303273
8.6036e-05 0.393411 0.392333 -0.0291064
9.33569e-05 0.309225 0.307923 -0.0283465
0.000100678 0.225333 0.223526 -0.0284748
0.000107999 0.143477 0.140549 -0.0288333
0.00011532 0.0672207 0.0601496 -0.0300108
0.000122641 0.0359262 -0.0165725 -0.0318755
0.000129963 0.0948027 -0.0885189 -0.0339405
0.000137284 0.158942 -0.154624 -0.0367996
0.000144605 0.217839 -0.214165 -0.039838
0.000151926 0.269803 -0.266369 -0.0429085
0.000159248 0.313955 -0.310523 -0.0462969
0.000166569 0.349817 -0.346338 -0.0492166
0.00017389 0.37709 -0.373516 -0.0517955
0.000181212 0.395419 -0.391724 -0.0539333
0.000188533 0.405007 -0.401263 -0.0549471
0.000195855 0.40595 -0.402187 -0.0551427
0.000203176 0.398421 -0.394736 -0.0540643
0.000210497 0.383064 -0.379597 -0.0514231
0.000217819 0.360402 -0.357261 -0.047481
0.00022514 0.331023 -0.328385 -0.0417058
0.000232462 0.29598 -0.293993 -0.0342407
0.000239783 0.256067 -0.254821 -0.0252354
0.000247105 0.212407 -0.211924 -0.0143134
0.000254426 0.166327 -0.166315 -0.00201466
0.000261748 0.119593 -0.119021 0.0116803
0.000269069 0.0759642 -0.0711044 0.0267343
0.00027639 0.0485491 -0.02353 0.0424659
0.000283712 0.0631241 0.0226709 0.0589125
0.000291033 0.100757 0.0665635 0.0756397
0.000298355 0.14148 0.107488 0.0919951
0.000305676 0.180332 0.144449 0.107953
0.000312998 0.215422 0.177011 0.122776
0.000320319 0.245797 0.204706 0.136058
0.000327641 0.270696 0.226937 0.147567
0.000334962 0.289668 0.243693 0.156592
0.000342284 0.30251 0.254859 0.16297
0.000349605 0.308859 0.260232 0.166352
0.000356927 0.308888 0.260314 0.166278
0.000364248 0.302703 0.255168 0.162844
0.00037157 0.290434 0.245188 0.155675
0.000378891 0.272656 0.231031 0.144797
0.000386213 0.249841 0.213092 0.130432
0.000393534 0.222565 0.192076 0.112438
0.000400856 0.191841 0.168736 0.0912756
0.000408177 0.158577 0.14359 0.0672939
0.000415499 0.124416 0.117579 0.0406748
0.00042282 0.0920096 0.0911937 0.0122263
0.000430142 0.0675193 0.0651699 -0.0176561
0.000437463 0.0629094 0.0402011 -0.0483887
0.000444785 0.0808421 0.0166144 -0.0791164
0.000452106 0.109442 -0.00496236 -0.109329
0.000459428 0.140352 -0.0241401 -0.138261
0.000466749 0.170161 -0.0409204 -0.165167
0.000474071 0.197276 -0.0547762 -0.189519
0.000481393 0.220635 -0.0658969 -0.210564
0.000488714 0.239703 -0.0743408 -0.227883
0.000496036 0.253894 -0.0800258 -0.240952
0.000503357 0.262958 -0.0834197 -0.249375
0.000510679 0.266844 -0.0847505 -0.253028
0.000518 0.265338 -0.0842282 -0.251615
0.000525322 0.25871 -0.0825516 -0.245185
0.000532643 0.247205 -0.0798675 -0.233947
0.000539965 0.231045 -0.0767727 -0.217917
0.000547286 0.210938 -0.0737162 -0.197638
0.000554608 0.187463 -0.0709459 -0.17352
0.000561929 0.161504 -0.069003 -0.146021
0.000569251 0.134454 -0.0681038 -0.11593
0.000576572 0.108194 -0.0683617 -0.0838611
0.000583894 0.0865107 -0.0702014 -0.0505554
0.000591215 0.0752722 -0.0733602 -0.0168577
0.000598537 0.0797141 -0.0779759 0.0165557
0.000605858 0.0971266 -0.0839601 0.048829
0.00061318 0.120665 -0.0909004 0.0793553
0.000620501 0.145872 -0.0986717 0.107436
0.000627823 0.170213 -0.106891 0.132465
0.000635144 0.19228 -0.114968 0.154123
0.000642466 0.211204 -0.122697 0.171908
0.000649787 0.226256 -0.12937 0.185621
0.000657109 0.237202 -0.134623 0.195298
0.000664431 0.24358 -0.137994 0.200721
0.000671752 0.245364 -0.138974 0.202212
0.000679074 0.242612 -0.137305 0.200019
0.000686395 0.235315 -0.132652 0.194363
0.000693717 0.223844 -0.124736 0.185869
0.000701038 0.208643 -0.113673 0.174959
0.00070836 0.190114 -0.0992184 0.16217
0.000715681 0.169242 -0.0816754 0.148229
0.000723003 0.146945 -0.0612707 0.133561
0.000730324 0.124888 -0.0382441 0.118889
0.000737646 0.105513 -0.0131565 0.10469
0.000744967 0.0923609 0.0134626 0.0913745
0.000752289 0.0895027 0.0411253 0.079495
0.00075961 0.0977164 0.0689999 0.0691918
0.000766932 0.11406 0.0965662 0.0607009
0.000774253 0.134442 0.12302 0.0542292
0.000781575 0.155845 0.147768 0.0495205
0.000788897 0.176431 0.170159 0.0466257
0.000796218 0.194938 0.189611 0.045259
0.00080354 0.210576 0.205714 0.0449854
0.000810861 0.222789 0.218079 0.0455675
0.000818183 0.231087 0.226374 0.0464328
0.000825504 0.235442 0.230682 0.0471012
0.000832826 0.235551 0.230779 0.0471751
0.000840147 0.231577 0.226958 0.0460199
0.000847469 0.223718 0.219478 0.0433486
0.00085479 0.212191 0.208631 0.0387032
0.000862112 0.197547 0.194977 0.0317616
0.000869433 0.180482 0.17908 0.0224549
0.000876755 0.161788 0.161443 0.0105555
0.000884076 0.142933 0.142882 -0.0038423
0.000891398 0.125546 0.123859 -0.0205084
0.000898719 0.112267 0.10515 -0.0393351
0.000906041 0.105767 0.0872478 -0.0597873
0.000913363 0.107819 0.0706482 -0.0814479
0.000920684 0.117862 0.0558354 -0.103797
0.000928006 0.133289 0.0430455 -0.126147
0.000935327 0.151433 0.0324278 -0.147921
0.000942649 0.170169 0.0241994 -0.168439
0.00094997 0.187949 0.0180506 -0.18708
0.000957292 0.203797 0.0139897 -0.203316
0.000964613 0.216864 0.0116264 -0.216552
0.000971935 0.22676 0.0105346 -0.226515
0.000979256 0.23306 0.0103161 -0.232832
0.000986578 0.235567 0.0104151 -0.235336
0.000993899 0.234342 0.0102458 -0.234118
0.00100122 0.229361 0.00940203 -0.229169
0.00100854 0.220906 0.00720231 -0.220788
0.00101586 0.209445 0.00339541 -0.209417
0.00102319 0.195413 -0.0025044 -0.195397
0.00103051 0.179739 -0.0107054 -0.17942
0.00103783 0.163434 -0.021291 -0.162042
0.00104515 0.147944 -0.0343153 -0.143909
0.00105247 0.13518 -0.0496546 -0.12573
0.00105979 0.127096 -0.0669303 -0.108046
0.00106711 0.12552 -0.0859368 -0.0914881
0.00107444 0.130748 -0.106019 -0.0765173
0.00108176 0.141713 -0.126722 -0.0634364
0.00108908 0.15648 -0.147365 -0.0526257
0.0010964 0.173033 -0.16733 -0.04406
0.00110372 0.189751 -0.185954 -0.0377676
0.00111104 0.205415 -0.202642 -0.0336338
0.00111837 0.219071 -0.21683 -0.0312543
0.00112569 0.230146 -0.22814 -0.0303228
0.00113301 0.238035 -0.236094 -0.0303333
0.00114033 0.242629 -0.240682 -0.0306718
0.00114765 0.243649 -0.241686 -0.0308695
0.00115497 0.241167 -0.239264 -0.0302404
0.00116229 0.235375 -0.233667 -0.0283067
0.00116962 0.226557 -0.225218 -0.0245905
0.00117694 0.215193 -0.214384 -0.0186424
0.00118426 0.202082 -0.20182 -0.0102815
0.00119158 0.188008 -0.188007 0.000683834
0.0011989 0.174342 -0.173756 0.0142704
0.00120622 0.162414 -0.159575 0.0302364
0.00121355 0.153976 -0.146173 0.0483945
0.00122087 0.150414 -0.134031 0.0682651
0.00122819 0.152491 -0.123588 0.0893293
0.00123551 0.159955 -0.115165 0.111007
0.00124283 0.171636 -0.108955 0.132618
0.00125015 0.185922 -0.104881 0.153516
0.00125747 0.201355 -0.102979 0.173029
0.0012648 0.216532 -0.102798 0.190575
0.00127212 0.23051 -0.104076 0.205677
0.00127944 0.242392 -0.106249 0.217864
0.00128676 0.251692 -0.108755 0.226983
0.00129408 0.257964 -0.11098 0.232871
0.0013014 0.260974 -0.112331 0.235561
0.00130873 0.260698 -0.112148 0.235343
0.00131605 0.257215 -0.110039 0.232489
0.00132337 0.250732 -0.105427 0.22749
0.00133069 0.241792 -0.0981719 0.220965
0.00133801 0.230893 -0.0880219 0.213457
0.00134533 0.218963 -0.0750307 0.205707
0.00135265 0.207 -0.0593499 0.19831
0.00135998 0.196266 -0.0413299 0.191865
0.0013673 0.188133 -0.0213461 0.186919
0.00137462 0.183806 -6.58222e-05 0.183806
0.00138194 0.184141 0.0219804 0.182825
0.00138926 0.189262 0.0440104 0.184074
0.00139658 0.198533 0.0654471 0.187436
0.00140391 0.210888 0.0855252 0.192767
0.00141123 0.225001 0.103787 0.199634
0.00141855 0.239612 0.119699 0.207572
0.00142587 0.253648 0.132961 0.216006
0.00143319 0.26619 0.143396 0.224264
0.00144051 0.276608 0.151057 0.23172
0.00144783 0.284323 0.155982 0.237716
0.00145516 0.289108 0.158671 0.241675
0.00146248 0.290766 0.159416 0.243169
0.0014698 0.289327 0.158891 0.241792
0.00147712 0.285018 0.157691 0.237421
0.00148444 0.278206 0.156493 0.230018
0.00149176 0.269428 0.155931 0.21972
0.00149909 0.259511 0.156678 0.206877
0.00150641 0.249313 0.159115 0.191936
0.00151373 0.240024 0.163778 0.175466
0.00152105 0.232733 0.170749 0.158144
0.00152837 0.228584 0.180188 0.140651
0.00153569 0.228328 0.191916 0.123701
0.00154301 0.232277 0.205698 0.107893
0.00155034 0.240124 0.221031 0.0938349
0.00155766 0.251178 0.237447 0.0819094
0.00156498 0.264308 0.254205 0.0723779
0.0015723 0.278488 0.270703 0.0653863
0.00157962 0.292553 0.286167 0.0607942
0.00158694 0.305683 0.300061 0.058355
0.00159427 0.317002 0.311705 0.0577041
0.00160159 0.326048 0.32081 0.0582073
0.00160891 0.332346 0.327011 0.0593077
0.00161623 0.335736 0.330278 0.0602934
0.00162355 0.33615 0.330671 0.0604474
0.00163087 0.333808 0.328519 0.0591906
0.00163819 0.328951 0.32416 0.0559368
0.00164552 0.322239 0.318296 0.050255
0.00165284 0.314254 0.311441 0.0419521
0.00166016 0.305995 0.304432 0.0308855
0.00166748 0.29837 0.297874 0.0171978
0.0016748 0.292499 0.292496 0.00119579
0.00168212 0.28928 0.288798 -0.0166891
0.00168945 0.289496 0.287264 -0.0358793
0.00169677 0.293392 0.288065 -0.0556542
0.00170409 0.300961 0.291379 -0.0753392
0.00171141 0.311545 0.296956 -0.0942215
0.00171873 0.324417 0.304615 -0.111607
0.00172605 0.338498 0.313774 -0.126989
0.00173337 0.35289 0.323938 -0.139983
0.0017407 0.366557 0.334333 -0.150285
0.00174802 0.378828 0.344325 -0.157958
0.00175534 0.38899 0.353138 -0.163117
0.00176266 0.396664 0.360222 -0.166081
0.00176998 0.401543 0.364968 -0.167435
0.0017773 0.403646 0.367138 -0.167749
0.00178463 0.402991 0.366432 -0.167719
0.00179195 0.400053 0.362998 -0.168153
0.00179927 0.395218 0.356955 -0.169649
0.00180659 0.389295 0.348804 -0.172877
0.00181391 0.383058 0.339016 -0.178331
0.00182123 0.377507 0.328353 -0.186268
0.00182855 0.373537 0.317462 -0.196844
0.00183588 0.372089 0.307169 -0.209994
0.0018432 0.373678 0.298068 -0.225367
0.00185052 0.378728 0.290862 -0.242558
0.00185784 0.387052 0.285851 -0.260957
0.00186516 0.398285 0.283427 -0.279822
0.00187248 0.411643 0.283523 -0.298438
0.00187981 0.426329 0.286064 -0.316107
0.00188713 0.441305 0.290632 -0.332089
0.00189445 0.455786 0.296768 -0.345933
0.00190177 0.468923 0.303728 -0.357265
0.00190909 0.480121 0.310905 -0.365861
0.00191641 0.488896 0.31741 -0.371847
0.00192373 0.495064 0.322677 -0.375458
0.00193106 0.498452 0.325983 -0.37708
0.00193838 0.499357 0.326963 -0.377429
0.0019457 0.498019 0.32527 -0.377124
0.00195302 0.495057 0.320935 -0.376939
0.00196034 0.491163 0.314008 -0.377678
0.00196766 0.487205 0.304975 -0.379946
0.00197499 0.48403 0.294267 -0.384306
0.00198231 0.48262 0.282659 -0.391185
0.00198963 0.483593 0.270805 -0.400658
0.00199695 0.487579 0.259598 -0.412725
0.00200427 0.494715 0.249621 -0.427122
0.00201159 0.504904 0.241628 -0.443332
0.00201891 0.51766 0.235969 -0.46075
0.00202624 0.532373 0.232974 -0.47869
0.00203356 0.548103 0.232617 -0.496293
0.00204088 0.564055 0.234793 -0.512865
0.0020482 0.579343 0.238978 -0.527757
0.00205552 0.593222 0.244752 -0.540378
0.00206284 0.605084 0.251253 -0.550453
0.00207017 0.614597 0.257843 -0.557894
0.00207749 0.621424 0.263656 -0.56272
0.00208481 0.625715 0.268059 -0.565388
0.00209213 0.627615 0.270401 -0.566378
0.00209945 0.627573 0.27039 -0.566336
0.00210677 0.626228 0.26772 -0.566116
0.00211409 0.624356 0.262585 -0.566453
0.00212142 0.622731 0.255145 -0.568063
0.00212874 0.622352 0.246003 -0.571668
0.00213606 0.623866 0.23571 -0.577624
0.00214338 0.627962 0.22515 -0.586211
0.0021507 0.634976 0.214996 -0.597471
0.00215802 0.644947 0.206141 -0.611116
0.00216535 0.657587 0.199154 -0.626704
0.00217267 0.672451 0.194623 -0.643671
0.00217999 0.688702 0.192755 -0.661178
0.00218731 0.705577 0.193728 -0.678461
0.00219463 0.722216 0.197209 -0.694769
0.00220195 0.7378 0.202944 -0.709339
0.00220927 0.75164 0.21019 -0.721653
0.0022166 0.763335 0.218324 -0.731447
0.00222392 0.77244 0.226451 -0.738501
0.00223124 0.778995 0.233858 -0.743064
0.00223856 0.783122 0.239742 -0.745522
0.00224588 0.785143 0.243652 -0.74638
0.0022532 0.785672 0.245096 -0.746464
0.00226053 0.785457 0.244106 -0.746562
0.00226785 0.785197 0.240671 -0.747403
0.00227517 0.7859 0.2353 -0.749848
0.00228249 0.788221 0.228463 -0.754385
0.00228981 0.792821 0.221 -0.761396
0.00229713 0.800127 0.213633 -0.77108
0.00230445 0.81022 0.207286 -0.783255
0.00231178 0.822871 0.202599 -0.79754
0.0023191 0.837729 0.200299 -0.813431
0.00232642 0.854006 0.20064 -0.830103
0.00233374 0.870954 0.203915 -0.846746
0.00234106 0.887742 0.209875 -0.862577
0.00234838 0.903544 0.218276 -0.876782
0.0023557 0.917618 0.228418 -0.888734
0.00236303 0.929568 0.23968 -0.898137
0.00237035 0.938923 0.251113 -0.90472
0.00237767 0.945672 0.261987 -0.908657
0.00238499 0.949979 0.271459 -0.910368
0.00239231 0.952144 0.279025 -0.910342
0.00239963 0.952762 0.284171 -0.909397
0.00240696 0.952637 0.286947 -0.908394
0.00241428 0.952418 0.287305 -0.90805
0.0024216 0.953104 0.285811 -0.909241
0.00242892 0.955349 0.28298 -0.912476
0.00243624 0.959735 0.279641 -0.918091
0.00244356 0.966661 0.276596 -0.926244
0.00245088 0.976172 0.274774 -0.936702
0.00245821 0.987978 0.274762 -0.949003
0.00246553 1.00171 0.277319 -0.962554
0.00247285 1.01656 0.282583 -0.976491
0.00248017 1.03176 0.290751 -0.989948
0.00248749 1.04648 0.301507 -1.0021
0.00249481 1.05993 0.314449 -1.01222
0.00250214 1.07138 0.328768 -1.01969
0.00250946 1.08047 0.343792 -1.02432
0.00251678 1.08684 0.358485 -1.02602
0.0025241 1.0905 0.372115 -1.02505
0.00253142 1.09173 0.383914 -1.022
0.00253874 1.09093 0.393453 -1.0175
0.00254606 1.08872 0.400343 -1.01244
0.00255339 1.08601 0.404859 -1.00772
0.00256071 1.08344 0.407084 -1.00405
0.00256803 1.08198 0.40777 -1.0022
0.00257535 1.08222 0.407606 -1.00252
0.00258267 1.08462 0.407452 -1.00518
0.00258999 1.08942 0.408157 -1.01007
0.00259732 1.09651 0.410601 -1.01673
0.00260464 1.10546 0.415175 -1.02453
0.00261196 1.11573 0.422474 -1.03265
0.00261928 1.12645 0.432353 -1.04017
0.0026266 1.13685 0.444696 -1.04627
0.00263392 1.14603 0.458924 -1.05013
0.00264124 1.15334 0.474382 -1.05126
0.00264857 1.15815 0.490056 -1.04936
0.00265589 1.16022 0.505203 -1.04445
0.00266321 1.15942 0.518809 -1.03687
0.00267053 1.15598 0.530247 -1.02719
0.00267785 1.1503 0.53899 -1.01621
0.00268517 1.14306 0.54494 -1.00481
0.0026925 1.13498 0.548024 -0.99391
0.00269982 1.12703 0.548914 -0.984326
0.00270714 1.11989 0.548014 -0.976642
0.00271446 1.11441 0.546313 -0.971315
0.00272178 1.11095 0.544648 -0.968284
0.0027291 1.1098 0.543887 -0.967393
0.00273642 1.11084 0.544729 -0.968106
0.00274375 1.11363 0.547781 -0.969597
0.00275107 1.11755 0.553066 -0.971096
0.00275839 1.12182 0.560719 -0.971631
0.00276571 1.12545 0.570114 -0.970359
0.00277303 1.12777 0.580748 -0.966743
0.00278035 1.1279 0.591643 -0.960275
0.00278768 1.12549 0.601972 -0.950979
0.002795 1.1202 0.610699 -0.939088
0.00280232 1.11209 0.617158 -0.925128
0.00280964 1.10145 0.620696 -0.909903
0.00281696 1.08889 0.621138 -0.894359
0.00282428 1.07511 0.618442 -0.879428
0.0028316 1.06108 0.613145 -0.865989
0.00283893 1.04764 0.605705 -0.854798
0.00284625 1.03573 0.597194 -0.846228
0.00285357 1.02586 0.588338 -0.840384
0.00286089 1.01859 0.580243 -0.837164
0.00286821 1.01373 0.573548 -0.835881
0.00287553 1.01113 0.568875 -0.835916
0.00288286 1.01012 0.56644 -0.836349
0.00289018 1.00983 0.566183 -0.836178
0.0028975 1.00941 0.567599 -0.834711
0.00290482 1.00799 0.570192 -0.831215
0.00291214 1.00467 0.572837 -0.825362
0.00291946 0.999154 0.574866 -0.817213
0.00292678 0.990962 0.575156 -0.80697
0.00293411 0.980344 0.573123 -0.795364
0.00294143 0.967602 0.568218 -0.783187
0.00294875 0.953462 0.560337 -0.771435
0.00295607 0.938777 0.54961 -0.761072
0.00296339 0.924648 0.536681 -0.75296
0.00297071 0.912024 0.522184 -0.747737
0.00297804 0.90184 0.507238 -0.745672
0.00298536 0.894686 0.492704 -0.746797
0.00299268 0.890864 0.479679 -0.750697
0.003 0.890074 0.468689 -0.756679
0.00300732 0.891969 0.460443 -0.763938
0.00301464 0.895485 0.454821 -0.771383
0.00302196 0.899799 0.451721 -0.778195
0.00302929 0.903802 0.450552 -0.783493
0.00303661 0.906628 0.450497 -0.786782
0.00304393 0.907678 0.450606 -0.78793
0.00305125 0.906583 0.450066 -0.786977
0.00305857 0.903369 0.44784 -0.784548
0.00306589 0.898521 0.443657 -0.78135
0.00307322 0.89256 0.43698 -0.778276
0.00308054 0.886637 0.428147 -0.776412
0.00308786 0.881599 0.417489 -0.776479
0.00309518 0.878604 0.405847 -0.779252
0.0031025 0.878392 0.394111 -0.785015
0.00310982 0.881474 0.383396 -0.793728
0.00311714 0.88793 0.37457 -0.805058
0.00312447 0.897389 0.368516 -0.818231
0.00313179 0.909086 0.365573 -0.832343
0.00313911 0.922082 0.36604 -0.846315
0.00314643 0.935208 0.369417 -0.859154
0.00315375 0.947506 0.375359 -0.869984
0.00316107 0.957978 0.38276 -0.878189
0.0031684 0.966223 0.390814 -0.883658
0.00317572 0.971787 0.398382 -0.886376
0.00318304 0.974935 0.404667 -0.886985
0.00319036 0.976072 0.409045 -0.886227
0.00319768 0.975865 0.411266 -0.88497
0.003205 0.975326 0.411367 -0.884329
0.00321232 0.975363 0.410012 -0.884999
0.00321965 0.976809 0.40768 -0.887667
0.00322697 0.98046 0.405643 -0.892611
0.00323429 0.986396 0.404598 -0.899599
0.00324161 0.994751 0.405632 -0.908291
0.00324893 1.00487 0.409275 -0.917749
0.00325625 1.01606 0.415875 -0.927049
0.00326358 1.02729 0.425314 -0.935114
0.0032709 1.03755 0.437183 -0.940943
0.00327822 1.04588 0.450555 -0.943857
0.00328554 1.05155 0.46457 -0.943366
0.00329286 1.05412 0.477933 -0.939545
0.00330018 1.05352 0.489817 -0.932726
0.0033075 1.0499 0.499153 -0.923648
0.00331483 1.044 0.505725 -0.913333
0.00332215 1.03645 0.509164 -0.902758
0.00332947 1.02842 0.509964 -0.893074
0.00333679 1.02074 0.508682 -0.884958
0.00334411 1.01436 0.506231 -0.87901
0.00335143 1.00987 0.503624 -0.875334
0.00335876 1.00744 0.501858 -0.873536
0.00336608 1.00695 0.501562 -0.873146
0.0033734 1.00785 0.50342 -0.873115
0.00338072 1.00921 0.50716 -0.872519
0.00338804 1.01025 0.512767 -0.870446
0.00339536 1.00976 0.519246 -0.866022
0.00340268 1.00716 0.525828 -0.859002
0.00341001 1.00174 0.531335 -0.84922
0.00341733 0.993405 0.534801 -0.837162
0.00342465 0.982317 0.535385 -0.823595
0.00343197 0.96903 0.532669 -0.809496
0.00343929 0.954441 0.526496 -0.796091
0.00344661 0.939662 0.517402 -0.784384
0.00345394 0.925811 0.505917 -0.775354
0.00346126 0.914024 0.493318 -0.769466
0.00346858 0.904955 0.480467 -0.766873
0.0034759 0.89917 0.468741 -0.767326
0.00348322 0.896312 0.458756 -0.770012
0.00349054 0.896065 0.451256 -0.774146
0.00349786 0.89735 0.446266 -0.778514
0.00350519 0.899177 0.4435 -0.782194
0.00351251 0.900514 0.44231 -0.784403
0.00351983 0.900426 0.441805 -0.784586
0.00352715 0.898473 0.440837 -0.78289
0.00353447 0.894509 0.438712 -0.779537
0.00354179 0.888772 0.434401 -0.775378
0.00354912 0.882155 0.427924 -0.771414
0.00355644 0.875414 0.41906 -0.768595
0.00356376 0.869951 0.408563 -0.768044
0.00357108 0.866657 0.397177 -0.770289
0.0035784 0.866508 0.386076 -0.775746
0.00358572 0.869872 0.376378 -0.78423
0.00359304 0.876638 0.369166 -0.795117
0.00360037 0.886252 0.365109 -0.80755
0.00360769 0.89767 0.364676 -0.820258
0.00361501 0.9097 0.367545 -0.832144
0.00362233 0.921133 0.373417 -0.842049
0.00362965 0.930841 0.38107 -0.849265
0.00363697 0.938224 0.389697 -0.853463
0.0036443 0.942722 0.397866 -0.854651
0.00365162 0.944678 0.404826 -0.85354
0.00365894 0.944361 0.409766 -0.850829
0.00366626 0.942717 0.412493 -0.847682
0.00367358 0.940722 0.413225 -0.845105
0.0036809 0.939322 0.41258 -0.843862
0.00368822 0.939465 0.411395 -0.8446
0.00369555 0.941581 0.410901 -0.847192
0.00370287 0.945744 0.411785 -0.85139
0.00371019 0.951664 0.415139 -0.856344
0.00371751 0.958365 0.420962 -0.860961
0.00372483 0.965049 0.429444 -0.864233
0.00373215 0.970363 0.439802 -0.864973
0.00373948 0.973487 0.451213 -0.862603
0.0037468 0.97354 0.462415 -0.856711
0.00375412 0.970183 0.472222 -0.847503
0.00376144 0.963465 0.479498 -0.835671
0.00376876 0.953801 0.483566 -0.822131
0.00377608 0.942064 0.483981 -0.808237
0.0037834 0.929344 0.481147 -0.795096
0.00379073 0.916773 0.475417 -0.78387
0.00379805 0.905577 0.468114 -0.775203
0.00380537 0.896369 0.460056 -0.769302
0.00381269 0.889791 0.452667 -0.766042
0.00382001 0.885454 0.446609 -0.764571
0.00382733 0.882996 0.442531 -0.7641
0.00383466 0.881373 0.440427 -0.763441
0.00384198 0.879538 0.439871 -0.761644
0.0038493 0.876559 0.440039 -0.758103
0.00385662 0.871605 0.439982 -0.752404
0.00386394 0.864394 0.438438 -0.74495
0.00387126 0.855075 0.434809 -0.73627
0.00387858 0.844134 0.428208 -0.727461
0.00388591 0.832776 0.418933 -0.71973
0.00389323 0.822015 0.407108 -0.714123
0.00390055 0.813402 0.393866 -0.711683
0.00390787 0.807813 0.380236 -0.712729
0.00391519 0.80607 0.367636 -0.717352
0.00392251 0.808169 0.357199 -0.724945
0.00392984 0.813586 0.349868 -0.734516
0.00393716 0.821344 0.346017 -0.744901
0.00394448 0.830081 0.34567 -0.754683
0.0039518 0.838517 0.348045 -0.762873
0.00395912 0.845519 0.352447 -0.768559
0.00396644 0.850281 0.357369 -0.771534
0.00397376 0.852674 0.362016 -0.772009
0.00398109 0.852699 0.365134 -0.770567
0.00398841 0.851276 0.366485 -0.768349
0.00399573 0.849124 0.365858 -0.766263
0.00400305 0.847491 0.363822 -0.765424
0.00401037 0.847275 0.361208 -0.766422
0.00401769 0.849101 0.359117 -0.76942
0.00402502 0.853215 0.358572 -0.774211
0.00403234 0.859172 0.360572 -0.779849
0.00403966 0.866187 0.365327 -0.785376
0.00404698 0.873148 0.373086 -0.789426
0.0040543 0.878721 0.382898 -0.790911
0.00406162 0.881971 0.394064 -0.789042
0.00406894 0.881864 0.404971 -0.783379
0.00407627 0.878265 0.414513 -0.774292
0.00408359 0.87107 0.421344 -0.762386
0.00409091 0.861014 0.424822 -0.748914
0.00409823 0.849002 0.424645 -0.735174
0.00410555 0.836266 0.421182 -0.722458
0.00411287 0.824092 0.415174 -0.711869
0.0041202 0.813509 0.407888 -0.703863
0.00412752 0.805216 0.400343 -0.698641
0.00413484 0.799369 0.393915 -0.695573
0.00414216 0.795464 0.389001 -0.69386
0.00414948 0.792834 0.386207 -0.692408
0.0041568 0.790145 0.384901 -0.690059
0.00416412 0.786604 0.384621 -0.686158
0.00417145 0.781149 0.384117 -0.680182
0.00417877 0.773546 0.382379 -0.672428
0.00418609 0.763839 0.378412 -0.663517
0.00419341 0.752689 0.37169 -0.654513
0.00420073 0.741229 0.362104 -0.646762
0.00420805 0.730771 0.350337 -0.641319
0.00421538 0.722711 0.337179 -0.639235
0.0042227 0.718142 0.324251 -0.640772
0.00423002 0.717501 0.312633 -0.645809
0.00423734 0.720791 0.30389 -0.653598
0.00424466 0.726981 0.298494 -0.662875
0.00425198 0.73501 0.296992 -0.672336
0.0042593 0.743205 0.298813 -0.680488
0.00426663 0.750369 0.30324 -0.686367
0.00427395 0.755365 0.308973 -0.689283
0.00428127 0.757733 0.314787 -0.689252
0.00428859 0.757503 0.31946 -0.686845
0.00429591 0.75516 0.322367 -0.682896
0.00430323 0.751699 0.32312 -0.678708
0.00431056 0.748195 0.322304 -0.675215
0.00431788 0.745647 0.320413 -0.673294
0.0043252 0.744913 0.318896 -0.673201
0.00433252 0.746026 0.318488 -0.674626
0.00433984 0.748869 0.320382 -0.676876
0.00434716 0.752369 0.324748 -0.678674
0.00435448 0.755556 0.331594 -0.678904
0.00436181 0.757038 0.340079 -0.676352
0.00436913 0.755819 0.349111 -0.67036
0.00437645 0.751188 0.357181 -0.660837
0.00438377 0.742907 0.363028 -0.648168
0.00439109 0.731361 0.365432 -0.63352
0.00439841 0.71742 0.364075 -0.618175
0.00440574 0.702273 0.358755 -0.603724
0.00441306 0.687481 0.350512 -0.591415
0.00442038 0.674248 0.340164 -0.58215
0.0044277 0.663773 0.329426 -0.576259
0.00443502 0.656259 0.31935 -0.573316
0.00444234 0.6517 0.311192 -0.572601
0.00444966 0.64908 0.305253 -0.572822
0.00445699 0.647374 0.30157 -0.572843
0.00446431 0.645322 0.299405 -0.571662
0.00447163 0.641971 0.297814 -0.568712
0.00447895 0.636858 0.29555 -0.564127
0.00448627 0.630051 0.291825 -0.558393
0.00449359 0.622214 0.285822 -0.552681
0.00450092 0.614502 0.277871 -0.548088
0.00450824 0.608145 0.268247 -0.545787
0.00451556 0.604536 0.258392 -0.546532
0.00452288 0.604257 0.249368 -0.550401
0.0045302 0.607659 0.242822 -0.557034
0.00453752 0.613944 0.239582 -0.565267
0.00454484 0.622033 0.240323 -0.573734
0.00455217 0.630314 0.24478 -0.580843
0.00455949 0.637312 0.252263 -0.58526
0.00456681 0.641767 0.261352 -0.58614
0.00457413 0.642923 0.270701 -0.583156
0.00458145 0.640635 0.278662 -0.576854
0.00458877 0.635305 0.284396 -0.568094
0.0045961 0.627777 0.287119 -0.558271
0.00460342 0.619342 0.287292 -0.548678
0.00461074 0.611059 0.285278 -0.540379
0.00461806 0.604105 0.282509 -0.533978
0.00462538 0.598785 0.27988 -0.529349
0.0046327 0.595198 0.278593 -0.525972
0.00464002 0.592499 0.278997 -0.522701
0.00464735 0.589764 0.281145 -0.518439
0.00465467 0.585759 0.284229 -0.51218
0.00466199 0.579496 0.287242 -0.503297
0.00466931 0.570417 0.288707 -0.491959
0.00467663 0.558505 0.287617 -0.478753
0.00468395 0.544311 0.282921 -0.465006
0.00469128 0.529103 0.274779 -0.452157
0.0046986 0.514291 0.263386 -0.441727
0.00470592 0.501677 0.250217 -0.434824
0.00471324 0.492443 0.236518 -0.431926
0.00472056 0.487513 0.224171 -0.432916
0.00472788 0.486563 0.214288 -0.436835
0.0047352 0.488822 0.207917 -0.4424
0.00474253 0.492725 0.205026 -0.448042
0.00474985 0.496756 0.205215 -0.452386
0.00475717 0.499542 0.207286 -0.454505
0.00476449 0.500282 0.210079 -0.454036
0.00477181 0.498786 0.212147 -0.451421
0.00477913 0.495477 0.21287 -0.447419
0.00478646 0.491256 0.211687 -0.443306
0.00479378 0.487349 0.209269 -0.440132
0.0048011 0.484709 0.206176 -0.438673
0.00480842 0.484206 0.203944 -0.439161
0.00481574 0.485717 0.203428 -0.441064
0.00482306 0.488813 0.205706 -0.443423
0.00483038 0.492219 0.21081 -0.44479
0.00483771 0.494671 0.218428 -0.443834
0.00484503 0.494768 0.227294 -0.439469
0.00485235 0.491587 0.236054 -0.431203
0.00485967 0.484646 0.242898 -0.419384
0.00486699 0.474119 0.246667 -0.4049
0.00487431 0.460715 0.246339 -0.389327
0.00488164 0.445773 0.24212 -0.374288
0.00488896 0.430721 0.234392 -0.36136
0.00489628 0.41722 0.224732 -0.351522
0.0049036 0.4063 0.214369 -0.345146
0.00491092 0.398637 0.20506 -0.341851
0.00491824 0.393751 0.197564 -0.3406
0.00492556 0.390891 0.192572 -0.340164
0.00493289 0.388595 0.189571 -0.339218
0.00494021 0.38575 0.187897 -0.336895
0.00494753 0.38144 0.186234 -0.332886
0.00495485 0.375479 0.183597 -0.327532
0.00496217 0.368276 0.179037 -0.321827
0.00496949 0.360878 0.17262 -0.316915
0.00497682 0.354622 0.164607 -0.314104
0.00498414 0.350903 0.156411 -0.314116
0.00499146 0.350501 0.149182 -0.317168
0.00499878 0.353632 0.144668 -0.322687
0.0050061 0.359359 0.143604 -0.329418
0.00501342 0.36639 0.146666 -0.335754
0.00502074 0.372919 0.153187 -0.340003
0.00502807 0.377506 0.16226 -0.340855
0.00503539 0.378908 0.172047 -0.337596
0.00504271 0.376707 0.18103 -0.330358
0.00505003 0.370907 0.187507 -0.32002
0.00505735 0.362271 0.190792 -0.307959
0.00506467 0.351886 0.190563 -0.295821
0.005072 0.34118 0.187633 -0.284952
0.00507932 0.331366 0.182917 -0.276305
0.00508664 0.323393 0.178052 -0.269964
0.00509396 0.317383 0.173919 -0.265489
0.00510128 0.31298 0.171528 -0.261791
0.0051086 0.309005 0.170569 -0.257664
0.00511592 0.304474 0.170696 -0.252125
0.00512325 0.298173 0.170484 -0.244627
0.00513057 0.289737 0.168902 -0.235413
0.00513789 0.279128 0.164701 -0.225357
0.00514521 0.267243 0.157599 -0.215828
0.00515253 0.2554 0.147684 -0.208372
0.00515985 0.24546 0.136215 -0.204196
0.00516718 0.23901 0.124511 -0.204017
0.0051745 0.237129 0.114586 -0.207606
0.00518182 0.23962 0.107699 -0.214053
0.00518914 0.245365 0.105034 -0.221748
0.00519646 0.252431 0.106415 -0.228904
0.00520378 0.25901 0.111399 -0.23383
0.0052111 0.263535 0.118313 -0.235484
0.00521843 0.265234 0.125778 -0.233515
0.00522575 0.263795 0.131946 -0.228425
0.00523307 0.259838 0.136062 -0.221366
0.00524039 0.254146 0.137518 -0.213726
0.00524771 0.24808 0.136985 -0.20683
0.00525503 0.242688 0.135265 -0.201497
0.00526236 0.238822 0.133786 -0.197831
0.00526968 0.236529 0.133424 -0.195305
0.005277 0.235292 0.134976 -0.192727
0.00528432 0.233972 0.138015 -0.18893
0.00529164 0.231447 0.141971 -0.18279
0.00529896 0.22654 0.145164 -0.173919
0.00530628 0.218833 0.146414 -0.162637
0.00531361 0.208117 0.144222 -0.150043
0.00532093 0.195226 0.138331 -0.13776
0.00532825 0.181273 0.128791 -0.127565
0.00533557 0.168222 0.11699 -0.12088
0.00534289 0.15792 0.104385 -0.118501
0.00535021 0.152135 0.0931441 -0.120288
0.00535754 0.151169 0.0845915 -0.125285
0.00536486 0.154225 0.0799514 -0.131883
0.00537218 0.159301 0.0790662 -0.138295
0.0053795 0.164503 0.0814072 -0.142948
0.00538682 0.168229 0.0853995 -0.144941
0.00539414 0.169727 0.0897344 -0.144065
0.00540146 0.168884 0.0928469 -0.141072
0.00540879 0.166349 0.0943165 -0.137027
0.00541611 0.163039 0.0938728 -0.133302
0.00542343 0.160318 0.0926173 -0.130859
0.00543075 0.158974 0.0913987 -0.130073
0.00543807 0.159574 0.0917316 -0.130572
0.00544539 0.16156 0.0941608 -0.131284
0.00545272 0.164056 0.0990234 -0.1308
0.00546004 0.165658 0.105386 -0.127814
0.00546736 0.165271 0.112104 -0.121438
0.00547468 0.161916 0.117201 -0.111716
0.005482 0.155361 0.119375 -0.0994319
0.00548932 0.14559 0.117319 -0.0862143
0.00549664 0.133526 0.111175 -0.0739552
0.00550397 0.120204 0.101456 -0.0644651
0.00551129 0.107547 0.0899752 -0.0589133
0.00551861 0.0973337 0.0783973 -0.0576862
0.00552593 0.0913302 0.0687784 -0.0600895
0.00553325 0.0897654 0.0620665 -0.0648505
0.00554057 0.0916725 0.0589786 -0.070181
0.0055479 0.0948765 0.0586785 -0.0745545
0.00555522 0.0977628 0.0603448 -0.0769159
0.00556254 0.099014 0.0622324 -0.0770123
0.00556986 0.0985182 0.0633736 -0.0754296
0.00557718 0.0965437 0.0628644 -0.0732718
0.0055845 0.0942099 0.0610369 -0.0717635
0.00559182 0.0927201 0.0585131 -0.0719253
0.00559915 0.0932451 0.0568184 -0.0739345
0.00560647 0.0960671 0.0569461 -0.0773695
0.00561379 0.100751 0.060044 -0.0809047
0.00562111 0.105936 0.0658161 -0.0830096
0.00562843 0.110413 0.0737476 -0.082172
0.00563575 0.112813 0.0819728 -0.077507
0.00564308 0.112502 0.08887 -0.068984
0.0056504 0.10893 0.0924597 -0.0575922
0.00565772 0.102346 0.0919398 -0.0449641
0.00566504 0.0930295 0.0868973 -0.0332165
0.00567236 0.08213 0.0785146 -0.0240995
0.00567968 0.0706362 0.0680788 -0.0188347
0.005687 0.0604802 0.0578539 -0.0176291
0.00569433 0.0530594 0.0492459 -0.0197522
0.00570165 0.0496568 0.0435867 -0.0237907
0.00570897 0.0495561 0.0408141 -0.0281072
0.00571629 0.0511246 0.0404574 -0.0312557
0.00572361 0.0524117 0.0410328 -0.0326082
0.00573093 0.0524637 0.0414623 -0.0321452
0.00573826 0.0508731 0.0404514 -0.0308506
0.00574558 0.048409 0.0380961 -0.0298683
0.0057529 0.0460641 0.0345864 -0.030425
0.00576022 0.0457071 0.0314787 -0.0331396
0.00576754 0.0482088 0.0298923 -0.0378225
0.00577486 0.0535371 0.0312843 -0.0434455
0.00578218 0.0602683 0.0358793 -0.0484246
0.00578951 0.0669743 0.0434608 -0.050958
0.00579683 0.0722938 0.0523997 -0.0498062
0.00580415 0.0754953 0.061076 -0.0443765
0.00581147 0.0758798 0.0671739 -0.0352904
0.00581879 0.0735555 0.0695421 -0.0239646
0.00582611 0.068417 0.067276 -0.0124424
0.00583344 0.0612038 0.061142 -0.00274922
0.00584076 0.0523934 0.0522706 0.00358572
0.00584808 0.0432131 0.0427892 0.0060375
0.0058554 0.0346419 0.0342909 0.00491908
0.00586272 0.0283841 0.0283389 0.00160257
0.00587004 0.0251176 0.0249996 -0.00243268
0.00587736 0.0247867 0.0241408 -0.00562156
0.00588469 0.0252524 0.0242092 -0.00718343
0.00589201 0.0252524 0.0242292 -0.00711556
0.00589933 0.0236739 0.0228484 -0.006197
0.00590665 0.0208383 0.0200427 -0.00570316
0.00591397 0.0175213 0.0161207 -0.00686411
0.00592129 0.0162356 0.012553 -0.0102964
0.00592862 0.0191412 0.0106087 -0.0159324
0.00593594 0.0254807 0.0118279 -0.0225691
0.00594326 0.0329903 0.0163951 -0.028628
0.00595058 0.0402577 0.0241846 -0.0321836
0.0059579 0.0461852 0.0334042 -0.031894
0.00596522 0.0503599 0.0423637 -0.0272294
0.00597254 0.0522159 0.0487104 -0.0188097
0.00597987 0.0518473 0.051202 -0.00815453
0.00598719 0.04911 0.0490441 0.00254458
0.00599451 0.0445742 0.0431065 0.0113443
0.00600183 0.0383718 0.0345684 0.0166561
0.00600915 0.0314903 0.0257469 0.0181311
0.00601647 0.0243139 0.0180625 0.0162761
0.0060238 0.0180598 0.0130584 0.0124754
0.00603112 0.0135069 0.0105894 0.00838456
0.00603844 0.0115575 0.0102484 0.00534286
0.00604576 0.0112524 0.0105228 0.00398587
0.00605308 0.0110997 0.0103122 0.0041063
0.0060604 0.00970758 0.00855328 0.00459113
0.00606772 0.00696588 0.00549731 0.00427821
0.00607505 0.00253667 0.00167312 0.00190666
0.00608237 0.00297822 -0.00111498 -0.00276163
0.00608969 0.00942499 -0.00175766 -0.00925965
0.00609701 0.0161617 0.0011519 -0.0161206
0.00610433 0.0227047 0.00734199 -0.0214848
0.00611165 0.0285912 0.0161506 -0.0235927
0.00611898 0.0332988 0.0254746 -0.0214442
0.0061263 0.0366193 0.0334014 -0.0150106
0.00613362 0.0381526 0.0377431 -0.00557523
0.00614094 0.0381072 0.0377778 0.00500014
0.00614826 0.0362098 0.0332386 0.0143648
0.00615558 0.0330366 0.0257078 0.0207491
0.0061629 0.0285973 0.0167238 0.0231974
0.00617023 0.0235362 0.00864365 0.0218915
0.00617755 0.0181939 0.00270447 0.0179917
0.00618487 0.0132132 -0.000259218 0.0132106
0.00619219 0.00908925 -0.000875586 0.00904697
0.00619951 0.00661801 -6.98097e-05 0.00661764
0.00620683 0.00580558 0.000455448 0.00578768
0.00621416 0.00594471 -4.44565e-06 0.00594471
0.00622148 0.00604315 -0.00215897 0.00564433
0.0062288 0.00622367 -0.00494832 0.00377468
0.00623612 0.00748577 -0.00748069 -0.000275696
0.00624344 0.00998037 -0.00785226 -0.00616034
0.00625076 0.0136396 -0.00526945 -0.0125806
0.00625808 0.0177078 0.000766737 -0.0176912
0.00626541 0.0217792 0.00913985 -0.0197686
0.00627273 0.0254065 0.0183249 -0.0175979
0.00628005 0.0281788 0.025814 -0.0112998
0.00628737 0.0300648 0.030004 -0.00191057
0.00629469 0.0306137 0.029433 0.00841972
0.00630201 0.0301398 0.0245877 0.0174313
0.00630934 0.0284061 0.0164069 0.0231889
0.00631666 0.0258063 0.00722951 0.0247729
0.00632398 0.0224031 -0.00106685 0.0223777
0.0063313 0.0186228 -0.00664571 0.0173966
0.00633862 0.0146974 -0.00917072 0.0114853
0.00634594 0.0109692 -0.00880635 0.00654003
0.00635326 0.00796315 -0.00720842 0.00338384
0.00636059 0.00586098 -0.00542434 0.00221984
0.00636791 0.00545321 -0.00502982 0.00210676
0.00637523 0.00610821 -0.00585119 0.00175325
0.00638255 0.00763533 -0.00763529 2.55071e-05
0.00638987 0.00944607 -0.00872881 -0.00361056
0.00639719 0.0117592 -0.0079704 -0.00864585
0.00640452 0.014306 -0.00421723 -0.0136702
0.00641184 0.0171329 0.00225594 -0.0169838
0.00641916 0.0198923 0.0105606 -0.0168576
0.00642648 0.0223881 0.0184251 -0.0127178
0.0064338 0.0245306 0.0240468 -0.00484772
0.00644112 0.0258667 0.025372 0.00503484
0.00644844 0.0266176 0.0221776 0.014719
0.00645577 0.0263985 0.0148042 0.0218567
0.00646309 0.0254872 0.00536111 0.024917
0.00647041 0.0237532 -0.00412659 0.023392
0.00647773 0.0214608 -0.0112529 0.0182739
0.00648505 0.0187466 -0.0150648 0.0111573
0.00649237 0.0156728 -0.015079 0.00427308
0.0064997 0.0127568 -0.0127245 -0.000906805
0.00650702 0.00980051 -0.00912822 -0.00356731
0.00651434 0.00753441 -0.00632058 -0.00410093
0.00652166 0.00605265 -0.00479218 -0.00369724
0.00652898 0.00608024 -0.00484821 -0.00366936
0.0065363 0.00728922 -0.00527079 -0.00503503
0.00654362 0.00929223 -0.00490177 -0.00789419
0.00655095 0.0115302 -0.00239032 -0.0112797
0.00655827 0.0140125 0.00243721 -0.0137989
0.00656559 0.0164282 0.00915001 -0.0136441
0.00657291 0.0187075 0.0157727 -0.0100595
0.00658023 0.0208482 0.0206366 -0.00296298
0.00658755 0.0224237 0.0215596 0.0061647
0.00659488 0.0237089 0.018157 0.0152459
0.0066022 0.0242673 0.0105373 0.0218601
0.00660952 0.0243299 0.000782551 0.0243174
0.00661684 0.0237234 -0.00903162 0.021937
0.00662416 0.0225423 -0.0162485 0.015625
0.00663148 0.0209436 -0.0197056 0.00709372
0.0066388 0.0187655 -0.0187267 -0.00120714
0.00664613 0.0165158 -0.0147433 -0.00744368
0.00665345 0.013897 -0.00907255 -0.0105269
0.00666077 0.0113784 -0.00404486 -0.0106352
0.00666809 0.00898592 -0.00055657 -0.00896866
0.00667541 0.0070582 0.000787646 -0.00701412
0.00668273 0.00613357 0.000955348 -0.00605872
0.00669005 0.00665263 0.00107541 -0.00656514
0.00669738 0.00823416 0.00254643 -0.00783052
0.0067047 0.0104359 0.00570254 -0.00874004
0.00671202 0.0128042 0.0103178 -0.00758226
0.00671934 0.0150802 0.0146073 -0.00374685
0.00672666 0.0173833 0.0171485 0.00284762
0.00673398 0.0191983 0.0159482 0.0106878
0.00674131 0.0208762 0.0109372 0.0177818
0.00674863 0.0219978 0.0024231 0.021864
0.00675595 0.0227042 -0.00725563 0.0215136
0.00676327 0.0229318 -0.0159678 0.0164589
0.00677059 0.0225709 -0.021113 0.00798062
0.00677791 0.0218808 -0.0218058 -0.00180961
0.00678523 0.0205459 -0.0177929 -0.0102736
0.00679256 0.019022 -0.0109456 -0.0155574
0.00679988 0.017048 -0.00301741 -0.0167788
0.0068072 0.0148649 0.00342665 -0.0144646
0.00681452 0.0125913 0.00741748 -0.0101745
0.00682184 0.0102164 0.00845689 -0.00573192
0.00682916 0.00810589 0.0076815 -0.00258843
0.00683649 0.0065132 0.006386 -0.0012809
0.00684381 0.00614409 0.00604427 -0.001103
0.00685113 0.00707083 0.00699783 -0.00101342
0.00685845 0.0090237 0.00900462 0.000586409
0.00686577 0.0111324 0.0103839 0.00401296
0.00687309 0.0135526 0.0100106 0.00913574
0.00688041 0.0156125 0.00634113 0.0142667
0.00688774 0.0176031 -3.88568e-05 0.0176031
0.00689506 0.0192481 -0.0083496 0.0173428
0.00690238 0.0204537 -0.0159308 0.0128282
0.0069097 0.0213854 -0.0208607 0.00470818
0.00691702 0.021711 -0.0211175 -0.00504175
0.00692434 0.0217755 -0.0167572 -0.0139057
0.00693167 0.0212346 -0.00857567 -0.0194259
0.00693899 0.0203915 0.000786343 -0.0203763
0.00694631 0.0191471 0.00916988 -0.0168084
0.00695363 0.0174856 0.0141745 -0.0102387
0.00696095 0.0156748 0.0154091 -0.0028738
0.00696827 0.0135114 0.0131333 0.00317419
0.00697559 0.0113333 0.00918527 0.00663887
0.00698292 0.00907407 0.00520755 0.00743103
0.00699024 0.00721086 0.00269394 0.00668873
0.00699756 0.00594889 0.0017625 0.0056818
0.00700488 0.00620202 0.00187916 0.00591048
0.0070122 0.00746443 0.00138417 0.00733497
0.00701952 0.00955793 -0.000530255 0.00954321
0.00702685 0.0117318 -0.00476055 0.0107225
0.00703417 0.0138425 -0.00999105 0.00958086
0.00704149 0.0159309 -0.0150717 0.0051612
0.00704881 0.0175326 -0.0174161 -0.00201785
0.00705613 0.0190345 -0.0160139 -0.0102892
0.00706345 0.0199967 -0.010134 -0.0172386
0.00707077 0.0206738 -0.00135401 -0.0206294
0.0070781 0.0209033 0.00835669 -0.0191602
0.00708542 0.0206848 0.0159574 -0.0131613
0.00709274 0.0201806 0.0197238 -0.0042694
0.00710006 0.0191248 0.0184939 0.0048719
0.00710738 0.0178858 0.0134155 0.0118291
0.0071147 0.0162096 0.00609842 0.0150187
0.00712203 0.0143342 -0.00079946 0.0143119
0.00712935 0.0122402 -0.00568107 0.010842
0.00713667 0.0100713 -0.00763526 0.00656765
0.00714399 0.00798231 -0.00737794 0.00304685
0.00715131 0.00627115 -0.0061151 0.0013903
0.00715863 0.00563299 -0.00554645 0.000983618
0.00716595 0.00621645 -0.00612972 0.00103479
0.00717328 0.00799288 -0.00798972 -0.000224683
0.0071806 0.00989842 -0.00935156 -0.00324453
0.00718792 0.0121801 -0.00918995 -0.00799369
0.00719524 0.0140983 -0.00576136 -0.0128673
0.00720256 0.0159488 0.000327587 -0.0159454
0.00720988 0.017515 0.00827711 -0.0154358
0.00721721 0.0186577 0.01531 -0.0106638
0.00722453 0.0195949 0.0194397 -0.00246074
0.00723185 0.0199759 0.0187073 0.00700506
0.00723917 0.0201369 0.0133954 0.0150352
0.00724649 0.0197686 0.00465244 0.0192133
0.00725381 0.0190888 -0.00460158 0.0185258
0.00726113 0.0180622 -0.0120477 0.0134573
0.00726846 0.0166176 -0.0155106 0.00596374
0.00727578 0.0149961 -0.0149198 -0.0015112
0.0072831 0.0130247 -0.0110967 -0.00681967
0.00729042 0.0110055 -0.00619199 -0.00909832
0.00729774 0.00881571 -0.00195484 -0.00859624
0.00730506 0.00695805 0.000344954 -0.00694949
0.00731239 0.00551299 0.00102755 -0.00541638
0.00731971 0.00543564 0.000911385 -0.00535869
0.00732703 0.00647608 0.00178465 -0.00622533
0.00733435 0.00832874 0.00404905 -0.00727826
0.00734167 0.0104317 0.00806653 -0.00661451
0.00734899 0.0123544 0.0118758 -0.00340538
0.00735631 0.0143918 0.0141753 0.00248671
0.00736364 0.0159223 0.0127082 0.0095928
0.00737096 0.0173722 0.0075186 0.0156609
0.00737828 0.0183921 -0.000885521 0.0183707
0.0073856 0.0190566 -0.00976627 0.0163638
0.00739292 0.0194299 -0.0167532 0.00984137
0.00740024 0.0192814 -0.0192702 0.000656208
0.00740757 0.0189293 -0.0169227 -0.00848179
0.00741489 0.0180489 -0.0102925 -0.0148266
0.00742221 0.0169355 -0.0019963 -0.0168175
0.00742953 0.015473 0.00562353 -0.0144149
0.00743685 0.0137252 0.0102382 -0.00914114
0.00744417 0.0118181 0.0113864 -0.00316479
0.00745149 0.00972792 0.00962713 0.00139672
0.00745882 0.00775387 0.00678453 0.00375402
0.00746614 0.00591691 0.00438752 0.00396982
0.00747346 0.00509661 0.00353274 0.00367358
0.00748078 0.00532034 0.0036571 0.00386415
0.0074881 0.00692309 0.00389966 0.00572029
0.00749542 0.00868625 0.00235349 0.00836134
0.00750275 0.0107934 -0.00118921 0.0107277
0.00751007 0.0127284 -0.00687659 0.0107109
0.00751739 0.0143994 -0.0123665 0.00737654
0.00752471 0.01604 -0.0160235 0.000728322
0.00753203 0.0171185 -0.015387 -0.0075023
0.00753935 0.0180988 -0.0104653 -0.0147663
0.00754667 0.0185812 -0.0019003 -0.0184838
0.007554 0.01874 0.0073461 -0.0172401
0.00756132 0.0185884 0.0147767 -0.0112773
0.00756864 0.017935 0.0177495 -0.00257316
0.00757596 0.0171136 0.0159931 0.00609069
0.00758328 0.0158029 0.0101963 0.0120734
0.0075906 0.0143157 0.00300228 0.0139973
0.00759793 0.0125448 -0.00339063 0.0120779
0.00760525 0.0106006 -0.0070321 0.0079324
0.00761257 0.00859801 -0.00782421 0.00356475
0.00761989 0.0066614 -0.00662429 0.000702128
0.00762721 0.00521623 -0.00519594 -0.000459568
0.00763453 0.00470112 -0.00468437 -0.000396487
0.00764185 0.00563492 -0.00555864 -0.000924029
0.00764918 0.00716567 -0.00662607 -0.00272801
0.0076565 0.00926117 -0.00669968 -0.00639403
0.00766382 0.0110476 -0.00398699 -0.010303
0.00767114 0.0129779 0.00117438 -0.0129246
0.00767846 0.0145841 0.00817515 -0.0120774
0.00768578 0.0158606 0.0140699 -0.00732094
0.00769311 0.0170524 0.0170401 0.000647289
0.00770043 0.0176359 0.0149649 0.00933148
0.00770775 0.018121 0.00861944 0.0159397
0.00771507 0.0180935 -0.000620589 0.0180828
0.00772239 0.0177389 -0.0092897 0.0151119
0.00772971 0.0171318 -0.0150974 0.00809726
0.00773703 0.0160105 -0.0160058 -0.000388481
0.00774436 0.0148004 -0.0127312 -0.00754784
0.00775168 0.0131568 -0.00662977 -0.0113643
0.007759 0.0113886 -0.000562363 -0.0113747
0.00776632 0.0094752 0.0037983 -0.00868057
0.00777364 0.00750033 0.00541747 -0.0051871
0.00778096 0.00575198 0.00514261 -0.0025766
0.00778829 0.00460078 0.00430302 -0.00162825
0.00779561 0.00467391 0.00439799 -0.00158211
0.00780293 0.00588662 0.00573495 -0.00132763
0.00781025 0.0077054 0.00766684 0.000769972
0.00781757 0.00951386 0.00834404 0.00457063
0.00782489 0.0115237 0.00653215 0.00949353
0.00783221 0.0130816 0.00135686 0.013011
0.00783954 0.0146446 -0.00565597 0.0135083
0.00784686 0.0158662 -0.0127072 0.00950066
0.00785418 0.0166654 -0.0165424 0.00202047
0.0078615 0.017394 -0.0159265 -0.00699257
0.00786882 0.0174777 -0.0101464 -0.0142309
0.00787614 0.0174611 -0.00156936 -0.0173904
0.00788347 0.0169838 0.00744972 -0.0152627
0.00789079 0.0161296 0.0133911 -0.00899123
0.00789811 0.0151545 0.0151296 -0.000870054
0.00790543 0.0136325 0.0121852 0.00611286
0.00791275 0.0121236 0.00687171 0.00998807
0.00792007 0.0102794 0.00105794 0.0102248
0.00792739 0.00835482 -0.00275614 0.00788712
0.00793472 0.00654722 -0.00434707 0.00489582
0.00794204 0.00491861 -0.00402792 0.00282288
0.00794936 0.0042528 -0.00360758 0.00225204
0.00795668 0.00479528 -0.00412952 0.00243758
0.007964 0.00629294 -0.00600557 0.00187996
0.00797132 0.00808578 -0.0080712 -0.000485281
0.00797865 0.0100015 -0.0086976 -0.00493782
0.00798597 0.011668 -0.00626691 -0.00984221
0.00799329 0.0133593 -0.000734252 -0.0133391
0.00800061 0.0146108 0.00674436 -0.0129611
0.00800793 0.0156925 0.0132678 -0.00837981
0.00801525 0.0165151 0.0165138 -0.000209121
0.00802257 0.0168124 0.014513 0.00848707
0.0080299 0.0170608 0.00810238 0.0150141
0.00803722 0.0167004 -0.00099284 0.0166709
0.00804454 0.0161718 -0.00909627 0.0133711
0.00805186 0.0153352 -0.0140063 0.00624425
0.00805918 0.0140262 -0.0139368 -0.00158195
0.0080665 0.012759 -0.0102027 -0.00766143
0.00807383 0.0109615 -0.00430476 -0.0100808
0.00808115 0.00923519 0.000655278 -0.00921191
0.00808847 0.0073895 0.00375792 -0.00636261
0.00809579 0.00554455 0.00420589 -0.00361282
0.00810311 0.00437613 0.0038003 -0.00216985
0.00811043 0.00402955 0.00347947 -0.00203237
0.00811775 0.00513382 0.00469631 -0.00207385
0.00812508 0.00666724 0.00662282 -0.000768294
0.0081324 0.00855885 0.00816577 0.00256399
0.00813972 0.01029 0.00725021 0.00730194
0.00814704 0.011984 0.00320616 0.0115472
0.00815436 0.0134008 -0.00351839 0.0129307
0.00816168 0.0146198 -0.0105429 0.0101285
0.00816901 0.0155541 -0.0152175 0.00321859
0.00817633 0.0161098 -0.0151682 -0.00542686
0.00818365 0.0164969 -0.0101951 -0.0129695
0.00819097 0.0163586 -0.001698 -0.0162702
0.00819829 0.0160763 0.00700513 -0.0144698
0.00820561 0.015379 0.0130827 -0.00808431
0.00821293 0.0143528 0.0143525 -9.46945e-05
0.00822026 0.0132227 0.0112888 0.00688497
0.00822758 0.0115884 0.00540093 0.0102529
0.0082349 0.0100552 -0.000272996 0.0100515
0.00824222 0.0081885 -0.0041573 0.00705467
0.00824954 0.00637132 -0.00512304 0.0037879
0.00825686 0.00486465 -0.00464031 0.00146025
0.00826419 0.00378753 -0.00367831 0.000902986
0.00827151 0.00423232 -0.00414537 0.000853526
0.00827883 0.0053583 -0.00535674 0.00012914
0.00828615 0.00723607 -0.00679756 -0.00248069
0.00829347 0.00886398 -0.00603923 -0.00648829
0.00830079 0.0106478 -0.00266107 -0.01031
0.00830811 0.0121817 0.00353729 -0.0116568
0.00831544 0.0134403 0.00998115 -0.00900102
0.00832276 0.0146028 0.014392 -0.00247204
0.00833008 0.0152851 0.0141011 0.00589861
0.0083374 0.0158384 0.00904178 0.0130038
0.00834472 0.0159589 0.000497124 0.0159512
0.00835204 0.0158046 -0.00808038 0.0135828
0.00835937 0.0153659 -0.0137846 0.00678926
0.00836669 0.0145358 -0.0144496 -0.0015802
0.00837401 0.0135527 -0.0105773 -0.00847323
0.00838133 0.0121737 -0.00401675 -0.0114919
0.00838865 0.0107165 0.00217313 -0.0104938
0.00839597 0.00899344 0.00603381 -0.00666897
0.00840329 0.00722969 0.00675151 -0.00258565
0.00841062 0.00555103 0.00554345 0.000290111
0.00841794 0.00407379 0.00392549 0.00108916
0.00842526 0.00369133 0.00350093 0.00117022
0.00843258 0.00430543 0.00401836 0.00154579
0.0084399 0.00594829 0.00467419 0.00367887
0.00844722 0.00749315 0.00342187 0.00666619
0.00845455 0.0093544 -0.000109087 0.00935376
0.00846187 0.0108929 -0.00581093 0.00921353
0.00846919 0.0122677 -0.0109456 0.0055398
0.00847651 0.0135984 -0.0135199 -0.00145877
0.00848383 0.0143554 -0.0111453 -0.00904752
0.00849115 0.0151456 -0.00469458 -0.0143996
0.00849847 0.0154316 0.00423449 -0.0148393
0.0085058 0.0154284 0.0116187 -0.0101509
0.00851312 0.0152751 0.0151521 -0.00193422
0.00852044 0.0145526 0.0130663 0.00640711
0.00852776 0.0138156 0.00709618 0.0118539
0.00853508 0.0126349 -0.000569182 0.0126221
0.0085424 0.0112547 -0.00636058 0.00928499
0.00854973 0.00978948 -0.0089729 0.00391421
0.00855705 0.00799899 -0.0079518 -0.000867586
0.00856437 0.00636838 -0.00534113 -0.00346822
0.00857169 0.00468809 -0.00273097 -0.00381051
0.00857901 0.00363642 -0.00167363 -0.0032284
0.00858633 0.00358271 -0.0016056 -0.00320279
0.00859365 0.00473792 -0.00146317 -0.00450633
0.00860098 0.00627045 0.000382144 -0.00625879
0.0086083 0.00800627 0.00402211 -0.00692264
0.00861562 0.0096347 0.00842419 -0.00467552
0.00862294 0.0110976 0.0110885 0.000449274
0.00863026 0.0124863 0.0101682 0.00724668
0.00863758 0.0134327 0.00484752 0.0125276
0.00864491 0.0143437 -0.00306556 0.0140122
0.00865223 0.0148087 -0.0108054 0.0101263
0.00865955 0.0149953 -0.0147882 0.00248343
0.00866687 0.0150283 -0.0136161 -0.00636006
0.00867419 0.0144947 -0.00742286 -0.0124498
0.00868151 0.0139607 0.000712286 -0.0139426
0.00868883 0.0129603 0.00787928 -0.0102901
0.00869616 0.0117331 0.0110389 -0.0039758
0.00870348 0.0104635 0.0101698 0.00246169
0.0087108 0.00872261 0.00613329 0.00620215
0.00871812 0.00720734 0.00192836 0.00694458
0.00872544 0.00544507 -0.00111013 0.00533071
0.00873276 0.00401514 -0.00183096 0.00357336
0.00874009 0.00330742 -0.00185347 0.00273928
0.00874741 0.00374848 -0.00204854 0.0031392
0.00875473 0.00515213 -0.00395963 0.00329632
0.00876205 0.00665762 -0.00639526 0.00185054
0.00876937 0.00844764 -0.00821314 -0.00197661
0.00877669 0.00987125 -0.00691605 -0.00704342
0.00878401 0.0113403 -0.00235411 -0.0110933
0.00879134 0.0125119 0.00476051 -0.0115709
0.00879866 0.0134026 0.0111394 -0.00745265
0.00880598 0.0141642 0.014162 0.000250656
0.0088133 0.0144612 0.0117309 0.00845645
0.00882062 0.0146394 0.00489158 0.013798
0.00882794 0.014407 -0.00389659 0.01387
0.00883527 0.0139209 -0.0106934 0.00891305
0.00884259 0.0132148 -0.0131687 0.00110279
0.00884991 0.0121228 -0.0105521 -0.00596797
0.00885723 0.0109724 -0.00490583 -0.00981463
0.00886455 0.00946318 0.00115359 -0.00939261
0.00887187 0.0079287 0.004912 -0.00622387
0.00887919 0.00628606 0.00584822 -0.00230497
0.00888652 0.00464618 0.00464457 0.00012244
0.00889384 0.00350446 0.00337034 0.000960231
0.00890116 0.00312192 0.00301511 0.000809625
0.00890848 0.00412536 0.00379385 0.00162028
0.0089158 0.00545069 0.0039992 0.00370357
0.00892312 0.00721807 0.00242299 0.00679924
0.00893045 0.00867607 -0.00185071 0.00847638
0.00893777 0.0101819 -0.00712539 0.00727324
0.00894509 0.0115177 -0.0113187 0.00213142
0.00895241 0.0124407 -0.0114006 -0.00497979
0.00895973 0.0134275 -0.00698335 -0.0114687
0.00896705 0.0138523 0.00108633 -0.0138096
0.00897437 0.0141575 0.00897498 -0.0109492
0.0089817 0.0142183 0.0137672 -0.00355284
0.00898902 0.0137739 0.012874 0.00489712
0.00899634 0.0133601 0.00743187 0.0111022
0.00900366 0.0124167 -0.000445881 0.0124087
0.00901098 0.0113576 -0.00672588 0.00915195
0.0090183 0.0101495 -0.00962407 0.00322345
0.00902563 0.00855262 -0.00827459 -0.00216298
0.00903295 0.00712446 -0.00492376 -0.00514924
0.00904027 0.00540714 -0.00133329 -0.00524018
0.00904759 0.00399086 0.000379488 -0.00397278
0.00905491 0.00304811 0.000814284 -0.00293733
0.00906223 0.0032631 0.000758471 -0.00317373
0.00906955 0.00444038 0.00211381 -0.00390497
0.00907688 0.00592251 0.00465636 -0.00365985
0.0090842 0.00757994 0.00751705 -0.000974415
0.00909152 0.00898653 0.00812885 0.00383139
0.00909884 0.0104397 0.00532452 0.00897979
0.00910616 0.0115439 -0.000958226 0.011504
0.00911348 0.01251 -0.00802664 0.00959545
0.00912081 0.0132409 -0.0128611 0.00314858
0.00912813 0.013594 -0.012594 -0.00511733
0.00913545 0.013855 -0.00726264 -0.011799
0.00914277 0.0136438 0.0011688 -0.0135936
0.00915009 0.0132923 0.00867447 -0.0100716
0.00915741 0.0126569 0.0123512 -0.00276488
0.00916473 0.0116622 0.0107403 0.0045447
0.00917206 0.0106515 0.00555895 0.00908588
0.00917938 0.00921641 -0.000606797 0.00919641
0.0091867 0.00780551 -0.00466674 0.0062568
0.00919402 0.00625111 -0.00585168 0.00219867
0.00920134 0.00462446 -0.00460468 -0.000427265
0.00920866 0.00344278 -0.00314648 -0.00139729
0.00921599 0.00276827 -0.00250171 -0.00118523
0.00922331 0.0035735 -0.0030798 -0.00181239
0.00923063 0.00474952 -0.00309565 -0.00360207
0.00923795 0.00644023 -0.00146493 -0.0062714
0.00924527 0.00786072 0.00269232 -0.00738528
0.00925259 0.00928955 0.00742918 -0.00557701
0.00925991 0.0106393 0.0106384 -0.000138517
0.00926724 0.0115405 0.00945635 0.00661524
0.00927456 0.0125266 0.00404312 0.0118562
0.00928188 0.013019 -0.00412833 0.0123471
0.0092892 0.0133242 -0.0108711 0.00770414
0.00929652 0.0134789 -0.0134696 -0.000502076
0.00930384 0.0131046 -0.0101832 -0.0082481
0.00931117 0.0127532 -0.00316878 -0.0123533
0.00931849 0.0119511 0.00467368 -0.0109994
0.00932581 0.0109476 0.00936371 -0.00567195
0.00933313 0.00987915 0.00983609 0.000921389
0.00934045 0.00838078 0.00636995 0.0054462
0.00934777 0.0070248 0.00196498 0.00674439
0.00935509 0.00542404 -0.00149207 0.00521478
0.00936242 0.00395448 -0.00249875 0.00306499
0.00936974 0.00293445 -0.0023594 0.00174477
0.00937706 0.00280685 -0.00218259 0.00176485
0.00938438 0.00386317 -0.00345777 0.00172275
0.0093917 0.00519706 -0.00518796 0.000307413
0.00939902 0.00682001 -0.00603667 -0.00317351
0.00940635 0.00816676 -0.00386375 -0.00719496
0.00941367 0.0095711 0.00111613 -0.0095058
0.00942099 0.0107059 0.00739012 -0.00774616
0.00942831 0.0116091 0.0114339 -0.00200943
0.00943563 0.0124217 0.0110108 0.00574977
0.00944295 0.0127756 0.00538024 0.0115874
0.00945027 0.0130721 -0.00279942 0.0127689
0.0094576 0.0129926 -0.0100332 0.00825482
0.00946492 0.0126229 -0.0126129 0.00050173
0.00947224 0.0121611 -0.00989423 -0.0070708
0.00947956 0.011228 -0.00327368 -0.0107402
0.00948688 0.0102851 0.0034507 -0.009689
0.0094942 0.00904895 0.00757549 -0.00494929
0.00950153 0.00761498 0.00761213 0.000208474
0.00950885 0.00625323 0.0050753 0.00365297
0.00951617 0.00462097 0.00189096 0.00421636
0.00952349 0.00340448 0.000207335 0.00339816
0.00953081 0.00254814 -0.000197208 0.0025405
0.00953813 0.00305621 -0.000206106 0.00304925
0.00954545 0.00417095 -0.00164818 0.00383149
0.00955278 0.00565415 -0.004306 0.0036644
0.0095601 0.00717532 -0.00713539 0.000755978
0.00956742 0.00842075 -0.00739466 -0.0040284
0.00957474 0.0098148 -0.00413099 -0.00890311
0.00958206 0.0107452 0.00241728 -0.0104697
0.00958938 0.0116102 0.0088874 -0.00747073
0.00959671 0.0122936 0.0122903 -0.000285592
0.00960403 0.0125059 0.0100354 0.00746244
0.00961135 0.0127585 0.00335285 0.0123101
0.00961867 0.0125173 -0.00503332 0.0114607
0.00962599 0.0121006 -0.0106166 0.00580621
0.00963331 0.0115543 -0.011376 -0.00202203
0.00964063 0.0105264 -0.00705311 -0.00781401
0.00964796 0.00958515 -0.000823209 -0.00954973
0.00965528 0.00826808 0.00448997 -0.00694272
0.0096626 0.0068467 0.00632027 -0.00263276
0.00966992 0.00550363 0.00538983 0.00111343
0.00967724 0.00390769 0.00300659 0.0024961
0.00968456 0.00290189 0.00162927 0.00240134
0.00969189 0.00242428 0.0012739 0.0020626
0.00969921 0.00335139 0.00146091 0.00301622
0.00970653 0.00456288 7.89071e-05 0.00456219
0.00971385 0.00604969 -0.00290957 0.00530407
0.00972117 0.00749218 -0.00677628 0.00319606
0.00972849 0.00868108 -0.00852959 -0.00161468
0.00973581 0.00995174 -0.00660687 -0.00744221
0.00974314 0.0107862 -0.000565828 -0.0107714
0.00975046 0.0115629 0.00662437 -0.00947729
0.00975778 0.0120995 0.0116533 -0.00325537
0.0097651 0.0122427 0.0112692 0.00478432
0.00977242 0.0123812 0.00580958 0.0109335
0.00977974 0.0120343 -0.00239951 0.0117926
0.00978707 0.0115641 -0.00883541 0.00746085
0.00979439 0.0109158 -0.0109148 0.000142254
0.00980171 0.00985242 -0.0078112 -0.00600461
0.00980903 0.00886037 -0.00224492 -0.00857126
0.00981635 0.00750997 0.00297726 -0.0068946
0.00982367 0.00611317 0.00517906 -0.00324781
0.00983099 0.00475586 0.00475397 0.000133882
0.00983832 0.00329099 0.00294568 0.00146751
0.00984564 0.0025106 0.00199366 0.00152592
0.00985296 0.00251348 0.00200601 0.00151443
0.00986028 0.00370117 0.00227764 0.00291737
0.0098676 0.00494235 0.000814101 0.00487484
0.00987492 0.00643764 -0.0025391 0.00591575
0.00988225 0.00775886 -0.00676991 0.00379054
0.00988957 0.00889036 -0.00881075 -0.00118711
0.00989689 0.0100665 -0.0069188 -0.00731197
0.00990421 0.0107688 -0.000764815 -0.0107416
0.00991153 0.0114686 0.00651935 -0.00943543
0.00991885 0.0118897 0.0114825 -0.0030848
0.00992617 0.0119246 0.0108758 0.00488998
0.0099335 0.0119808 0.00526437 0.0107622
0.00994082 0.0115388 -0.00281943 0.011189
0.00994814 0.0109953 -0.00878617 0.00661064
0.00995546 0.0102813 -0.0102659 -0.00056297
0.00996278 0.0091664 -0.00681884 -0.00612587
0.0099701 0.00814805 -0.00139266 -0.00802815
0.00997743 0.00676607 0.00323273 -0.00594383
0.00998475 0.00538892 0.00478514 -0.00247849
0.00999207 0.00407671 0.00405758 0.000394472
0.00999939 0.00272246 0.00245321 0.0011805
0.0100067 0.00232281 0.00199446 0.00119063
0.010014 0.00271738 0.00225613 0.00151461
0.0100214 0.00409686 0.0023016 0.00338923
0.0100287 0.00531744 0.000155954 0.00531515
0.010036 0.00674677 -0.00363819 0.00568177
0.0100433 0.00803786 -0.00763047 0.00252648
0.0100506 0.00902588 -0.0084905 -0.00306235
0.010058 0.0101247 -0.00516366 -0.00870901
0.0100653 0.0107472 0.00183025 -0.0105902
0.0100726 0.0112937 0.00854903 -0.00737977
0.0100799 0.0116597 0.0116597 3.46213e-05
0.0100872 0.0115776 0.00882502 0.00749398
0.0100946 0.0115359 0.0018956 0.0113791
0.0101019 0.0110422 -0.00578114 0.00940786
0.0101092 0.0103883 -0.0098244 0.00337623
0.0101165 0.00965936 -0.00897772 -0.00356424
0.0101239 0.00847331 -0.00407866 -0.00742708
0.0101312 0.00742288 0.00121119 -0.0073234
0.0101385 0.00608132 0.0045465 -0.00403878
0.0101458 0.00464708 0.00459902 -0.000666657
0.0101531 0.00346705 0.00320773 0.00131564
0.0101605 0.00226634 0.00179574 0.00138262
0.0101678 0.0023138 0.00184292 0.00139904
0.0101751 0.00302905 0.00197655 0.0022953
0.0101824 0.00444948 0.00111038 0.0043087
0.0101897 0.00571372 -0.00208275 0.0053206
0.0101971 0.00699308 -0.00589654 0.00375952
0.0102044 0.00826116 -0.00819425 -0.00104935
0.0102117 0.0091457 -0.00624236 -0.00668407
0.010219 0.0101115 -0.000531401 -0.0100975
0.0102264 0.0106913 0.00664201 -0.00837786
0.0102337 0.0110758 0.0108578 -0.00218671
0.010241 0.0113917 0.00985424 0.00571539
0.0102483 0.0112036 0.00358877 0.0106132
0.0102556 0.0110438 -0.00410862 0.0102511
0.010263 0.0105557 -0.00946605 0.00467088
0.0102703 0.00974651 -0.00945919 -0.0023491
0.0102776 0.00901788 -0.0052219 -0.00735214
0.0102849 0.00782641 0.000735522 -0.00779177
0.0102923 0.00665801 0.00456974 -0.00484216
0.0102996 0.00543168 0.0053816 -0.000735849
0.0103069 0.00395915 0.00357045 0.00171077
0.0103142 0.00287753 0.00179787 0.00224675
0.0103215 0.00199178 0.000966773 0.00174142
0.0103289 0.00244161 0.00120713 0.00212234
0.0103362 0.00340466 0.000509464 0.00336633
0.0103435 0.00477678 -0.00174891 0.00444511
0.0103508 0.00606685 -0.00522807 0.00307799
0.0103581 0.00720929 -0.00714963 -0.000925546
0.0103655 0.00843212 -0.00565827 -0.00625177
0.0103728 0.00922194 -0.000164769 -0.00922047
0.0103801 0.0100359 0.00637186 -0.00775357
0.0103874 0.0106154 0.0105062 -0.0015183
0.0103948 0.0108028 0.00906016 0.00588339
0.0104021 0.0110643 0.00293398 0.0106682
0.0104094 0.0108486 -0.00494959 0.00965368
0.0104167 0.0104801 -0.00972236 0.00391258
0.010424 0.0100485 -0.00942395 -0.00348733
0.0104314 0.00914131 -0.00430759 -0.00806277
0.0104387 0.00830855 0.00177011 -0.0081178
0.010446 0.0072125 0.00582619 -0.00425155
0.0104533 0.00592062 0.00591561 0.000243423
0.0104606 0.00475975 0.00364312 0.00306315
0.010468 0.00334498 0.000964229 0.00320299
0.0104753 0.00236168 -9.98988e-05 0.00235957
0.0104826 0.00189189 -0.000219365 0.00187913
0.0104899 0.00267882 -0.000528986 0.00262607
0.0104973 0.0037958 -0.00244613 0.00290251
0.0105046 0.00505582 -0.00483329 0.00148343
0.0105119 0.00640333 -0.00591172 -0.00246053
0.0105192 0.00737838 -0.00339597 -0.0065504
0.0105265 0.00851236 0.00191925 -0.00829318
0.0105339 0.00931616 0.00770528 -0.00523635
0.0105412 0.00986644 0.00979267 0.00120433
0.0105485 0.010473 0.00680192 0.00796354
0.0105558 0.0105659 -0.000443044 0.0105566
0.0105631 0.0106167 -0.00738393 0.00762835
0.0105705 0.0104877 -0.0104761 0.000494547
0.0105778 0.00993349 -0.00766418 -0.00631937
0.0105851 0.00944549 -0.00139705 -0.00934161
0.0105924 0.00858176 0.00484232 -0.0070851
0.0105998 0.00758378 0.00732804 -0.00195283
0.0106071 0.00657911 0.00588038 0.00295057
0.0106144 0.00522978 0.00211121 0.00478471
0.0106217 0.00408362 -0.000837824 0.00399675
0.010629 0.00280785 -0.00196484 0.00200585
0.0106364 0.00193271 -0.00156523 0.00113375
0.0106437 0.00201115 -0.00170611 0.00106487
0.010651 0.00290574 -0.0027351 0.000981103
0.0106583 0.00423106 -0.00410493 -0.00102541
0.0106656 0.00529262 -0.00334527 -0.00410135
0.010673 0.00662113 6.74767e-06 -0.00662113
0.0106803 0.00761698 0.00516893 -0.0055947
0.0106876 0.00845334 0.00840206 -0.000929728
0.0106949 0.00934835 0.00749863 0.0055823
0.0107023 0.00974819 0.00171134 0.0095968
0.0107096 0.0101609 -0.00540178 0.00860612
0.0107169 0.0103496 -0.0100446 0.00249378
0.0107242 0.0101554 -0.00889281 -0.00490401
0.0107315 0.0100114 -0.00310962 -0.00951622
0.0107389 0.00944775 0.00408967 -0.00851672
0.0107462 0.0087727 0.00811896 -0.00332306
0.0107535 0.00802168 0.00748479 0.00288536
0.0107608 0.0068829 0.00311489 0.00613773
0.0107682 0.00589272 -0.00137819 0.00572929
0.0107755 0.00464192 -0.00378854 0.00268222
0.0107828 0.00335269 -0.00335073 0.00011463
0.0107901 0.00238577 -0.00214013 -0.00105439
0.0107974 0.00162409 -0.00141152 -0.000803299
0.0108048 0.00229067 -0.00189637 -0.00128489
0.0108121 0.00316721 -0.00164363 -0.00270734
0.0108194 0.00452165 0.000183776 -0.00451791
0.0108267 0.00565707 0.00391042 -0.00408793
0.010834 0.00666608 0.00662461 -0.000742393
0.0108414 0.0077951 0.00626867 0.00463328
0.0108487 0.00846578 0.00147651 0.00833603
0.010856 0.00916576 -0.0049143 0.00773698
0.0108633 0.00967508 -0.00942293 0.00219444
0.0108707 0.00980944 -0.00846869 -0.00495039
0.010878 0.00999711 -0.00275664 -0.00960954
0.0108853 0.00977196 0.00466762 -0.00858513
0.0108926 0.00941198 0.00893026 -0.0029725
0.0108999 0.00897558 0.00807088 0.00392709
0.0109073 0.00811179 0.00284198 0.00759766
0.0109146 0.00735372 -0.00274394 0.0068226
0.0109219 0.00632387 -0.00577076 0.00258644
0.0109292 0.00509939 -0.00490371 -0.0013991
0.0109365 0.00409245 -0.00232436 -0.00336831
0.0109439 0.00275236 4.37687e-05 -0.00275201
0.0109512 0.00190243 0.000535209 -0.00182559
0.0109585 0.00164529 0.000597008 -0.00153315
0.0109658 0.00246401 0.0011473 -0.00218061
0.0109732 0.00361919 0.00319997 -0.00169078
0.0109805 0.00465091 0.00460104 0.000679315
0.0109878 0.00593496 0.00384567 0.00452046
0.0109951 0.00682577 -0.000372877 0.00681558
0.0110024 0.00771921 -0.0054888 0.00542763
0.0110098 0.00853093 -0.00853093 -5.12024e-06
0.0110171 0.0089469 -0.00642835 -0.00622281
0.0110244 0.00942687 -0.000319966 -0.00942143
0.0110317 0.00955875 0.00655921 -0.00695316
0.011039 0.00948415 0.00947273 -0.000465166
0.0110464 0.00938751 0.00696112 0.00629827
0.0110537 0.00884186 0.000472244 0.00882924
0.011061 0.00832977 -0.00540523 0.00633786
0.0110683 0.00761503 -0.00759377 0.000568644
0.0110757 0.0065708 -0.00512363 -0.00411385
0.011083 0.00572117 -0.000868225 -0.00565491
0.0110903 0.0045138 0.00256281 -0.00371569
0.0110976 0.00332574 0.00313043 -0.00112292
0.0111049 0.00237513 0.00230893 0.000556832
0.0111123 0.00145144 0.0013404 0.00055679
0.0111196 0.00188694 0.00174016 0.000729638
0.0111269 0.00264135 0.00188367 0.00185162
0.0111342 0.00391043 0.000801802 0.00382735
0.0111415 0.00496998 -0.00252682 0.0042797
0.0111489 0.00594193 -0.00563653 0.00188043
0.0111562 0.00700426 -0.00630736 -0.00304578
0.0111635 0.00766289 -0.00256162 -0.00722205
0.0111708 0.0083563 0.00344953 -0.00761108
0.0111782 0.00884656 0.00832349 -0.00299685
0.0111855 0.00902304 0.00818437 0.00379886
0.0111928 0.00924029 0.00314902 0.00868715
0.0112001 0.00905471 -0.0039668 0.00813955
0.0112074 0.00876926 -0.00825983 0.00294537
0.0112148 0.0084104 -0.00754262 -0.00372071
0.0112221 0.00762441 -0.00244344 -0.00722227
0.0112294 0.00695843 0.00295071 -0.00630182
0.0112367 0.00605031 0.00571467 -0.00198717
0.0112441 0.00489621 0.00451133 0.00190283
0.0112514 0.00399018 0.00174572 0.00358803
0.0112587 0.00274817 -0.000652849 0.0026695
0.011266 0.00180285 -0.00101501 0.00148997
0.0112733 0.00141922 -0.000960643 0.00104468
0.0112807 0.0019641 -0.00132518 0.00144968
0.011288 0.00307662 -0.00298185 0.000757731
0.0112953 0.00400188 -0.00367773 -0.00157778
0.0113026 0.00519538 -0.00221327 -0.00470037
0.0113099 0.00608494 0.00207628 -0.00571975
0.0113173 0.00688151 0.00615712 -0.00307329
0.0113246 0.00769179 0.00726251 0.00253367
0.0113319 0.00811256 0.00343026 0.00735167
0.0113392 0.00855468 -0.00293995 0.00803364
0.0113466 0.00876182 -0.00805259 0.00345329
0.0113539 0.00868755 -0.00804158 -0.00328732
0.0113612 0.00864985 -0.00320799 -0.00803297
0.0113685 0.00821227 0.003449 -0.00745291
0.0113758 0.0077081 0.00722719 -0.00268003
0.0113832 0.00715343 0.00642235 0.00315039
0.0113905 0.00619076 0.00196471 0.00587072
0.0113978 0.00538804 -0.00226549 0.00488861
0.0114051 0.00439311 -0.00413947 0.00147112
0.0114124 0.00319135 -0.00300379 -0.00107797
0.0114198 0.00233745 -0.00135808 -0.00190245
0.0114271 0.00134803 -0.00033504 -0.00130573
0.0114344 0.00149761 -0.000601992 -0.00137129
0.0114417 0.0021763 -5.84011e-05 -0.00217552
0.0114491 0.00323543 0.00160392 -0.00280988
0.0114564 0.00434198 0.00415881 -0.00124783
0.0114637 0.00515875 0.00462141 0.00229244
0.011471 0.00615925 0.00203405 0.00581369
0.0114783 0.00686508 -0.00317458 0.00608698
0.0114857 0.00741327 -0.00707879 0.00220168
0.011493 0.00797812 -0.00695076 -0.00391627
0.0115003 0.00816088 -0.00193782 -0.00792747
0.0115076 0.00832525 0.00443749 -0.00704404
0.0115149 0.0083038 0.00816866 -0.00149202
0.0115223 0.00797857 0.00645946 0.00468327
0.0115296 0.0077101 0.00102359 0.00764186
0.0115369 0.00709712 -0.00453855 0.00545625
0.0115442 0.00637946 -0.00635378 0.000571846
0.0115516 0.00570127 -0.00427825 -0.00376843
0.0115589 0.00463755 -0.00023925 -0.00463137
0.0115662 0.00372872 0.00232038 -0.00291877
0.0115735 0.00276326 0.00273447 -0.000397798
0.0115808 0.00164945 0.00154644 0.000573777
0.0115882 0.00127161 0.0011213 0.000599744
0.0115955 0.00145229 0.00129438 0.000658582
0.0116028 0.0025374 0.0015017 0.00204532
0.0116101 0.00340236 -0.000313145 0.00338792
0.0116174 0.00435921 -0.00313365 0.00303034
0.0116248 0.00536142 -0.0053565 -0.000229686
0.0116321 0.00598667 -0.00395954 -0.00449025
0.0116394 0.00673189 0.000489903 -0.00671404
0.0116467 0.00726958 0.00574554 -0.00445372
0.0116541 0.00753144 0.00744226 0.00115558
0.0116614 0.00785402 0.00439497 0.00650922
0.0116687 0.00783595 -0.00189846 0.0076025
0.011676 0.00770482 -0.00671693 0.00377453
0.0116833 0.00750929 -0.00711845 -0.00239105
0.0116907 0.00697538 -0.00284374 -0.00636939
0.011698 0.00648495 0.00247191 -0.00599535
0.0117053 0.00578878 0.00545313 -0.00194252
0.0117126 0.00489298 0.00440484 0.00213041
0.01172 0.00413699 0.00133644 0.00391517
0.0117273 0.00308263 -0.00137343 0.00275977
0.0117346 0.00212766 -0.00187248 0.00101032
0.0117419 0.0013795 -0.00137919 -2.96284e-05
0.0117492 0.00102433 -0.00100808 0.000181687
0.0117566 0.00181052 -0.00179831 -0.000209864
0.0117639 0.00254352 -0.00195591 -0.00162601
0.0117712 0.00363143 -0.000600242 -0.00358148
0.0117785 0.00446227 0.00273789 -0.00352361
0.0117858 0.00516249 0.00511717 -0.000682565
0.0117932 0.00601478 0.00462495 0.00384545
0.0118005 0.00646101 0.00020224 0.00645784
0.0118078 0.00688388 -0.00483882 0.00489629
0.0118151 0.00727943 -0.00726701 -0.000425135
0.0118225 0.00728019 -0.00452185 -0.00570562
0.0118298 0.00732614 0.0011318 -0.00723818
0.0118371 0.00718633 0.00608824 -0.00381795
0.0118444 0.00677407 0.00652478 0.00182077
0.0118517 0.00641673 0.00287884 0.0057347
0.0118591 0.00578302 -0.00216248 0.00536349
0.0118664 0.00506797 -0.00471261 0.0018643
0.0118737 0.00435747 -0.00391711 -0.00190888
0.011881 0.00338861 -0.0010521 -0.00322115
0.0118883 0.00256062 0.00101415 -0.00235123
0.0118957 0.00166246 0.00148377 -0.000749798
0.011903 0.000953434 0.000899616 -0.000315798
0.0119103 0.00116563 0.00109808 -0.000391043
0.0119176 0.00184632 0.00184605 -3.18642e-05
0.011925 0.00286371 0.00217997 0.00185703
0.0119323 0.00356887 0.000264057 0.00355909
0.0119396 0.00441811 -0.0028411 0.00338347
0.0119469 0.00519928 -0.00519883 6.88996e-05
0.0119542 0.00562935 -0.00384667 -0.00411007
0.0119616 0.00623027 0.00045876 -0.00621335
0.0119689 0.00658096 0.00534301 -0.00384205
0.0119762 0.0066562 0.00650631 0.0014046
0.0119835 0.0068726 0.00336824 0.00599062
0.0119908 0.00673745 -0.00237947 0.00630328
0.0119982 0.00645514 -0.00600365 0.00237173
0.0120055 0.00623914 -0.00553466 -0.00288001
0.0120128 0.0056668 -0.00127985 -0.00552038
0.0120201 0.00508856 0.00285674 -0.004211
0.0120275 0.00448045 0.00444845 -0.000534588
0.0120348 0.00361389 0.00274656 0.00234875
0.0120421 0.00286266 0.000240245 0.00285256
0.0120494 0.00200248 -0.00128317 0.00153734
0.0120567 0.00116874 -0.00108576 0.000432522
0.0120641 0.000818802 -0.000774857 0.000264639
0.0120714 0.00123384 -0.00114286 0.000465016
0.0120787 0.00208962 -0.00202396 -0.000519707
0.012086 0.00279169 -0.00152552 -0.00233802
0.0120933 0.00365728 0.000768469 -0.00357563
0.0121007 0.00433491 0.00381348 -0.00206127
0.012108 0.00485829 0.00459885 0.00156639
0.0121153 0.0054986 0.00207898 0.00509043
0.0121226 0.005796 -0.00273071 0.00511242
0.01213 0.00602734 -0.00585045 0.00144952
0.0121373 0.00630083 -0.00508398 -0.00372204
0.0121446 0.00616887 -0.000383504 -0.00615693
0.0121519 0.00607376 0.00426434 -0.00432504
0.0121592 0.00592949 0.00590431 0.000545884
0.0121666 0.00540728 0.00310427 0.00442744
0.0121739 0.00501315 -0.00112098 0.00488621
0.0121812 0.00448585 -0.00402252 0.00198549
0.0121885 0.00369081 -0.0034267 -0.00137105
0.0121959 0.00308418 -0.00113962 -0.00286591
0.0122032 0.002291 0.00104328 -0.00203967
0.0122105 0.00144092 0.00130513 -0.000610637
0.0122178 0.000881494 0.000881494 6.88461e-07
0.0122251 0.00070885 0.000675112 -0.000216084
0.0122325 0.00143191 0.00143001 7.35962e-05
0.0122398 0.00208075 0.00151722 0.00142393
0.0122471 0.00286936 0.000127523 0.00286652
0.0122544 0.00354498 -0.00258722 0.00242346
0.0122617 0.0040897 -0.00407498 -0.000346706
0.0122691 0.00468613 -0.00272696 -0.00381097
0.0122764 0.00503678 0.0012964 -0.00486709
0.0122837 0.0053423 0.00480001 -0.00234521
0.012291 0.00560376 0.00508555 0.00235356
0.0122984 0.00557524 0.00142096 0.00539112
0.0123057 0.00559157 -0.00317794 0.00460069
0.012313 0.00546605 -0.00545357 0.000369161
0.0123203 0.00508057 -0.00352974 -0.00365419
0.0123276 0.00481602 0.000458343 -0.00479416
0.012335 0.00433013 0.00364039 -0.00234469
0.0123423 0.0036789 0.00354193 0.000994494
0.0123496 0.00319658 0.00137218 0.00288708
0.0123569 0.00244787 -0.00105183 0.00221037
0.0123642 0.00169447 -0.00156441 0.000651053
0.0123716 0.00113168 -0.00107545 -0.000352285
0.0123789 0.000472639 -0.000430741 -0.00019455
0.0123862 0.00089941 -0.000881294 -0.000179605
0.0123935 0.0014021 -0.00100174 -0.000981015
0.0124009 0.00216014 -0.000172927 -0.00215321
0.0124082 0.00281694 0.00203541 -0.00194738
0.0124155 0.00329026 0.00328096 0.000247252
0.0124228 0.00390454 0.00230962 0.00314819
0.0124301 0.00429245 -0.00115537 0.00413404
0.0124375 0.00456516 -0.00414399 0.00191521
0.0124448 0.00488833 -0.00438544 -0.00215955
0.0124521 0.00494912 -0.00103613 -0.00483945
0.0124594 0.0049666 0.00305882 -0.0039129
0.0124667 0.00494282 0.00494276 -2.56932e-05
0.0124741 0.00468292 0.00295103 0.0036361
0.0124814 0.00444561 -0.000867528 0.00436015
0.0124887 0.00408885 -0.00365041 0.00184207
0.012496 0.00357542 -0.00328008 -0.00142292
0.0125034 0.00313425 -0.000885748 -0.00300649
0.0125107 0.00252107 0.00144854 -0.00206337
0.012518 0.00187689 0.00185642 -0.000276401
0.0125253 0.00133035 0.00104577 0.000822305
0.0125326 0.000626383 0.000173707 0.000601815
0.01254 0.000491254 0.000315994 0.000376136
0.0125473 0.000845331 0.000412708 0.000737738
0.0125546 0.00152993 -0.000206862 0.00151588
0.0125619 0.00211261 -0.00181165 0.00108677
0.0125692 0.00255857 -0.00245233 -0.00072962
0.0125766 0.00316203 -0.00125114 -0.00290398
0.0125839 0.00352376 0.00174582 -0.00306088
0.0125912 0.00379504 0.00372933 -0.000703149
0.0125985 0.00417034 0.00314078 0.00274358
0.0126059 0.00424758 -0.000304314 0.00423666
0.0126132 0.00429046 -0.00348304 0.00250529
0.0126205 0.00438005 -0.00419351 -0.00126466
0.0126278 0.00416641 -0.00145901 -0.0039026
0.0126351 0.00397853 0.0019753 -0.00345353
0.0126425 0.00378311 0.00375237 -0.00048131
0.0126498 0.00332642 0.00235736 0.0023469
0.0126571 0.00295169 -0.000244375 0.00294156
0.0126644 0.00252456 -0.00213578 0.00134604
0.0126718 0.00191903 -0.00182407 -0.000596206
0.0126791 0.00144247 -0.000605226 -0.00130935
0.0126864 0.000882638 0.000361812 -0.000805072
0.0126937 0.000351914 0.000212886 -0.00028022
0.012701 0.000451546 9.01864e-05 -0.000442447
0.0127084 0.000937059 0.000533214 -0.00077056
0.0127157 0.00150378 0.001494 -0.000171248
0.012723 0.00192641 0.00140653 0.00131633
0.0127303 0.00241563 -0.000124737 0.00241241
0.0127376 0.00280865 -0.00233216 0.00156511
0.012745 0.00307735 -0.00293703 -0.000918659
0.0127523 0.00340186 -0.00119687 -0.00318436
0.0127596 0.0035484 0.00192959 -0.00297788
0.0127669 0.00361715 0.00359952 -0.000356722
0.0127743 0.00372271 0.00252723 0.00273344
0.0127816 0.00360373 -0.000675097 0.00353993
0.0127889 0.00346974 -0.00306427 0.00162767
0.0127962 0.0033499 -0.00302232 -0.00144477
0.0128035 0.00299473 -0.00057614 -0.00293879
0.0128109 0.00269562 0.00171512 -0.0020796
0.0128182 0.00238684 0.00238198 0.000152126
0.0128255 0.00186618 0.0010389 0.00155026
0.0128328 0.00147431 -0.000365301 0.00142834
0.0128401 0.00104478 -0.000972933 0.000380757
0.0128475 0.000470132 -0.000441311 -0.000162074
0.0128548 0.000245921 -0.000243438 -3.48563e-05
0.0128621 0.000453595 -0.000439296 0.000112995
0.0128694 0.00100493 -0.000866975 -0.000508169
0.0128768 0.00136318 -0.000148879 -0.00135503
0.0128841 0.0017384 0.00115504 -0.0012992
0.0128914 0.00217538 0.00216553 0.000206762
0.0128987 0.00239326 0.00122051 0.00205865
0.012906 0.00264812 -0.000920411 0.00248302
0.0129134 0.00289478 -0.00279333 0.000759624
0.0129207 0.00293399 -0.00229875 -0.0018232
0.012928 0.00302229 2.25683e-05 -0.00302221
0.0129353 0.0030497 0.00250175 -0.00174411
0.0129426 0.00290685 0.00275746 0.000919898
0.01295 0.00282187 0.000918785 0.0026681
0.0129573 0.00264134 -0.00154748 0.00214055
0.0129646 0.00234789 -0.00234728 5.35783e-05
0.0129719 0.00211765 -0.00131592 -0.00165916
0.0129793 0.00177584 0.000506043 -0.00170221
0.0129866 0.00139195 0.00129009 -0.000522669
0.0129939 0.00107103 0.000921142 0.00054644
0.0130012 0.000639656 6.2512e-05 0.000636595
0.0130085 0.000261895 -0.000116087 0.000234761
0.0130159 0.000146756 7.69586e-05 0.000124959
0.0130232 0.000555045 9.72738e-05 0.000546455
0.0130305 0.000907119 -0.000640493 0.000642365
0.0130378 0.00119727 -0.00119345 -9.55789e-05
0.0130451 0.00156673 -0.000836321 -0.00132485
0.0130525 0.00179616 0.000712797 -0.00164867
0.0130598 0.00198808 0.00192245 -0.000506584
0.0130671 0.00223369 0.00171813 0.00142738
0.0130744 0.00230249 -0.000205955 0.00229326
0.0130818 0.00236286 -0.00199147 0.00127167
0.0130891 0.00245408 -0.00226674 -0.000940409
0.0130964 0.00235381 -0.000496758 -0.00230079
0.0131037 0.00227925 0.00146993 -0.00174192
0.013111 0.00221684 0.00220541 0.000224884
0.0131184 0.00196913 0.000954196 0.0017225
0.0131257 0.00178369 -0.000696844 0.00164194
0.013133 0.0015964 -0.00156964 0.000291067
0.0131403 0.00124768 -0.000889525 -0.000874901
0.0131477 0.000996722 8.65349e-05 -0.000992959
0.013155 0.00073293 0.000656074 -0.000326731
0.0131623 0.000344868 0.000306276 0.000158522
0.0131696 0.000105676 7.78928e-05 7.14158e-05
0.0131769 0.000198182 0.000146478 -0.000133493
0.0131843 0.000561144 0.000543262 0.000140534
0.0131916 0.000784608 0.000236936 0.000747978
0.0131989 0.00102158 -0.000547942 0.000862194
0.0132062 0.00130289 -0.00130254 3.00203e-05
0.0132135 0.00143757 -0.00082804 -0.00117514
0.0132209 0.00159466 0.000477342 -0.00152154
0.0132282 0.00175607 0.00168537 -0.000493267
0.0132355 0.0017783 0.00137713 0.00112512
0.0132428 0.00183186 -8.67564e-05 0.0018298
0.0132502 0.00185854 -0.00159597 0.000952394
0.0132575 0.00176655 -0.00160885 -0.00072959
0.0132648 0.00171639 -0.00034656 -0.00168103
0.0132721 0.00161775 0.00114762 -0.00114022
0.0132794 0.00143133 0.00140937 0.000249765
0.0132868 0.00129817 0.000561173 0.00117061
0.0132941 0.00110425 -0.000585986 0.000935945
0.0133014 0.00085974 -0.000857894 5.63163e-05
0.0133087 0.000679327 -0.000426435 -0.000528809
0.013316 0.000434506 0.00016504 -0.000401943
0.0133234 0.000176125 0.000169826 -4.66799e-05
0.0133307 1.63151e-05 -1.54786e-05 5.15711e-06
0.013338 0.000266408 -3.67984e-05 -0.000263854
0.0133453 0.000484879 0.000410659 -0.000257811
0.0133527 0.000634747 0.000588037 0.000238991
0.01336 0.00085102 0.000200637 0.00082703
0.0133673 0.00100285 -0.000715044 0.000703144
0.0133746 0.00108666 -0.00107083 -0.000184833
0.0133819 0.00123441 -0.000524761 -0.00111732
0.0133893 0.00129487 0.000708033 -0.00108415
0.0133966 0.00129723 0.00129596 -5.74109e-05
0.0134039 0.00136251 0.000819766 0.00108832
0.0134112 0.00132687 -0.000481501 0.00123643
0.0134185 0.00124923 -0.00120921 0.000313651
0.0134259 0.00123523 -0.000925603 -0.000817961
0.0134332 0.00111619 0.000197381 -0.0010986
0.0134405 0.000975195 0.000876418 -0.000427664
0.0134478 0.000899948 0.000774112 0.000458974
0.0134552 0.000724188 -1.1053e-05 0.000724103
0.0134625 0.000546936 -0.000441113 0.000323354
0.0134698 0.000438767 -0.00040558 -0.000167397
0.0134771 0.000246046 9.38947e-06 -0.000245867
0.0134844 6.36976e-05 5.83488e-05 -2.55501e-05
0.0134918 7.28209e-05 -5.99485e-05 4.13407e-05
0.0134991 0.000261953 -0.00018585 -0.000184605
0.0135064 0.000398166 0.00016526 -0.00036225
0.0135137 0.000486925 0.000478072 -9.2429e-05
0.013521 0.000644831 0.000456339 0.000455589
0.0135284 0.000736043 -0.000202988 0.000707499
0.0135357 0.000779374 -0.000736288 0.000255548
0.013543 0.000879719 -0.000702908 -0.000528985
0.0135503 0.000907894 0.000103747 -0.000901947
0.0135577 0.000897428 0.000789523 -0.000426649
0.013565 0.000934425 0.000823808 0.000441011
0.0135723 0.000898777 4.00334e-05 0.000897885
0.0135796 0.000837781 -0.000665179 0.000509328
0.0135869 0.000817665 -0.000769896 -0.000275383
0.0135943 0.000729341 -0.000135321 -0.000716678
0.0136016 0.00063101 0.00044118 -0.000451147
0.0136089 0.000569764 0.000556118 0.000123952
0.0136162 0.000448824 0.000124294 0.00043127
0.0136236 0.000332558 -0.000209975 0.000257886
0.0136309 0.000253486 -0.000248184 -5.15717e-05
0.0136382 0.000133608 -1.03823e-06 -0.000133604
0.0136455 4.67809e-05 4.40967e-05 1.56184e-05
0.0136528 0.00010191 -6.6457e-05 7.72604e-05
0.0136602 0.000217232 -0.000193519 -9.8693e-05
0.0136675 0.000291775 2.46714e-05 -0.00029073
0.0136748 0.000356385 0.000310235 -0.000175397
0.0136821 0.000452468 0.000392805 0.000224569
0.0136894 0.000494592 -7.74281e-06 0.000494531
0.0136968 0.000527106 -0.0004383 0.000292803
0.0137041 0.000585319 -0.000531517 -0.000245128
0.0137114 0.000585094 -5.34435e-05 -0.000582648
0.0137187 0.000581545 0.000446409 -0.000372711
0.0137261 0.000600087 0.000567867 0.000193987
0.0137334 0.000559462 0.000108571 0.000548826
0.0137407 0.000523436 -0.000364196 0.000375961
0.013748 0.000508473 -0.000494418 -0.000118724
0.0137553 0.000436989 -0.000118593 -0.000420588
0.0137627 0.000377845 0.000238983 -0.000292667
0.01377 0.000341519 0.000335918 6.15992e-05
0.0137773 0.000254455 6.81984e-05 0.000245145
0.0137846 0.000184355 -0.000117411 0.000142132
0.0137919 0.000144877 -0.00013732 -4.61812e-05
0.0137993 7.88846e-05 3.21907e-05 -7.20177e-05
0.0138066 4.83513e-05 3.13568e-05 3.6805e-05
0.0138139 8.99209e-05 -5.23284e-05 7.31267e-05
0.0138212 0.000165357 -0.000153537 -6.13968e-05
0.0138286 0.000200235 8.26342e-06 -0.000200065
0.0138359 0.000230801 0.000194249 -0.000124645
0.0138432 0.00029437 0.000260306 0.000137457
0.0138505 0.000312083 -9.55631e-06 0.000311937
0.0138578 0.000320098 -0.000268461 0.000174332
0.0138652 0.000359486 -0.000322751 -0.00015831
0.0138725 0.000353954 -8.00041e-06 -0.000353864
0.0138798 0.000339026 0.000275174 -0.000198036
0.0138871 0.000354278 0.000325428 0.000140034
0.0138944 0.000327537 2.31215e-05 0.00032672
0.0139018 0.000293498 -0.000230232 0.000182029
0.0139091 0.000289387 -0.000270013 -0.000104104
0.0139164 0.00024811 -2.06939e-05 -0.000247246
0.0139237 0.000201771 0.000157275 -0.000126397
0.0139311 0.0001861 0.000172653 6.94564e-05
0.0139384 0.000140942 -4.02562e-06 0.000140884
0.0139457 9.08033e-05 -7.97115e-05 4.34893e-05
0.013953 7.46962e-05 -5.77097e-05 -4.74249e-05
0.0139603 5.67182e-05 4.55381e-05 -3.38117e-05
0.0139677 4.94156e-05 1.48514e-05 4.7131e-05
0.013975 6.39816e-05 -4.96379e-05 4.03699e-05
0.0139823 0.00010605 -9.16029e-05 -5.34377e-05
0.0139896 0.000128297 2.86944e-05 -0.000125047
0.0139969 0.00013677 0.000129659 -4.35247e-05
0.0140043 0.000168601 0.000128294 0.000109393
0.0140116 0.000181744 -5.05054e-05 0.000174586
0.0140189 0.00017851 -0.000171742 4.86878e-05
0.0140262 0.000195855 -0.000144726 -0.00013196
0.0140336 0.000196302 5.57231e-05 -0.000188227
0.0140409 0.000181559 0.00017506 -4.81428e-05
0.0140482 0.000185715 0.000136091 0.000126369
0.0140555 0.000175112 -5.16563e-05 0.00016732
0.0140628 0.000151467 -0.00014675 3.75068e-05
0.0140702 0.000145936 -0.00010444 -0.000101929
0.0140775 0.00012851 4.48361e-05 -0.000120435
0.0140848 0.000100093 9.8663e-05 -1.68578e-05
0.0140921 8.95802e-05 5.74138e-05 6.87624e-05
0.0140995 7.19226e-05 -3.92708e-05 6.02549e-05
0.0141068 4.49059e-05 -4.38175e-05 -9.82691e-06
0.0141141 3.58028e-05 -5.63857e-06 -3.5356e-05
0.0141214 3.60749e-05 3.60747e-05 -8.7694e-08
0.0141287 3.69745e-05 -6.52614e-06 3.6394e-05
0.0141361 4.09064e-05 -4.0249e-05 7.30401e-06
0.0141434 5.98009e-05 -3.41794e-05 -4.90705e-05
0.0141507 7.21326e-05 4.46588e-05 -5.66454e-05
0.014158 7.32462e-05 7.21145e-05 1.28259e-05
0.0141653 8.63461e-05 3.15835e-05 8.03625e-05
0.0141727 9.41677e-05 -6.69979e-05 6.61727e-05
0.01418 8.93438e-05 -8.58178e-05 -2.48519e-05
0.0141873 9.54012e-05 -2.65807e-05 -9.16234e-05
0.0141946 9.72048e-05 7.36651e-05 -6.3421e-05
0.014202 8.68645e-05 8.15142e-05 3.00145e-05
0.0142093 8.68492e-05 1.85652e-05 8.48417e-05
0.0142166 8.38575e-05 -6.7453e-05 4.98215e-05
0.0142239 6.97434e-05 -6.2925e-05 -3.00764e-05
0.0142312 6.5425e-05 -8.24891e-06 -6.49029e-05
0.0142386 6.01077e-05 5.25846e-05 -2.9117e-05
0.0142459 4.4792e-05 3.59527e-05 2.67156e-05
0.0142532 3.81435e-05 -2.64679e-06 3.80516e-05
0.0142605 3.41492e-05 -3.35829e-05 6.19317e-06
0.0142678 2.24143e-05 -7.08769e-06 -2.12642e-05
0.0142752 1.59218e-05 1.20168e-05 -1.04451e-05
0.0142825 2.02521e-05 1.44375e-05 1.42023e-05
0.0142898 2.3249e-05 -1.79999e-05 1.47146e-05
0.0142971 2.22163e-05 -1.80554e-05 -1.29448e-05
0.0143045 2.85759e-05 1.87669e-06 -2.85142e-05
0.0143118 3.62799e-05 3.54202e-05 -7.85135e-06
0.0143191 3.50714e-05 1.97758e-05 2.89641e-05
0.0143264 3.75258e-05 -1.35644e-05 3.49884e-05
0.0143337 4.34949e-05 -4.34731e-05 1.37575e-06
0.0143411 4.03107e-05 -1.72364e-05 -3.64398e-05
0.0143484 3.92188e-05 1.99488e-05 -3.37662e-05
0.0143557 4.27363e-05 4.25435e-05 4.05457e-06
0.014363 3.77358e-05 1.14515e-05 3.59563e-05
0.0143703 3.40093e-05 -2.1277e-05 2.65315e-05
0.0143777 3.55002e-05 -3.46144e-05 -7.8809e-06
0.014385 2.96493e-05 -4.05589e-06 -2.93706e-05
0.0143923 2.43537e-05 1.84694e-05 -1.5874e-05
0.0143996 2.45905e-05 2.25745e-05 9.75127e-06
0.014407 1.94668e-05 -3.15471e-06 1.92095e-05
0.0144143 1.36464e-05 -1.28585e-05 4.56974e-06
0.0144216 1.35135e-05 -9.49354e-06 -9.61697e-06
0.0144289 1.18487e-05 8.66999e-06 -8.07607e-06
0.0144362 7.79135e-06 5.9397e-06 5.04233e-06
0.0144436 8.01714e-06 -1.99359e-06 7.76532e-06
0.0144509 1.17296e-05 -1.15859e-05 -1.83024e-06
0.0144582 1.1494e-05 8.56178e-07 -1.14621e-05
0.0144655 1.11708e-05 1.01028e-05 -4.76648e-06
0.0144728 1.48002e-05 1.17338e-05 9.02023e-06
0.0144802 1.55268e-05 -6.35912e-06 1.41648e-05
0.0144875 1.41408e-05 -1.40764e-05 1.34762e-06
0.0144948 1.60284e-05 -9.61012e-06 -1.28279e-05
0.0145021 1.66848e-05 9.80737e-06 -1.3498e-05
0.0145095 1.42385e-05 1.41283e-05 1.76802e-06
0.0145168 1.46984e-05 6.14998e-06 1.335e-05
0.0145241 1.50933e-05 -1.09255e-05 1.04136e-05
0.0145314 1.19032e-05 -1.1207e-05 -4.01114e-06
0.0145387 1.15178e-05 -2.42466e-06 -1.12597e-05
0.0145461 1.16586e-05 9.91577e-06 -6.13184e-06
0.0145534 8.36362e-06 6.65314e-06 5.06811e-06
0.0145607 7.58397e-06 -6.48477e-07 7.55619e-06
0.014568 7.58423e-06 -7.36127e-06 1.82543e-06
0.0145754 5.24705e-06 -1.83776e-06 -4.91469e-06
0.0145827 4.15221e-06 2.50809e-06 -3.30913e-06
0.01459 4.36773e-06 4.05879e-06 1.61348e-06
0.0145973 4.34511e-06 -2.13863e-06 3.78236e-06
0.0146046 3.07269e-06 -3.02249e-06 -5.53164e-07
0.014612 3.78377e-06 -8.21095e-07 -3.6936e-06
0.0146193 5.07248e-06 4.62929e-06 -2.07358e-06
0.0146266 4.16937e-06 2.43515e-06 3.38433e-06
0.0146339 4.65617e-06 -1.70341e-06 4.3334e-06
0.0146412 5.49046e-06 -5.48471e-06 2.51392e-07
0.0146486 5.02956e-06 -1.219e-06 -4.8796e-06
0.0146559 4.92233e-06 3.15024e-06 -3.78224e-06
0.0146632 5.12934e-06 4.96979e-06 1.26938e-06
0.0146705 5.06199e-06 -1.03633e-07 5.06093e-06
0.0146779 4.27329e-06 -3.47296e-06 2.48989e-06
0.0146852 4.22108e-06 -3.5989e-06 -2.20577e-06
0.0146925 4.35037e-06 1.11738e-06 -4.20442e-06
0.0146998 3.04908e-06 2.89345e-06 -9.61684e-07
0.0147071 3.12935e-06 1.94644e-06 2.45035e-06
0.0147145 3.17011e-06 -1.60531e-06 2.7336e-06
0.0147218 1.82986e-06 -1.79253e-06 -3.67739e-07
0.0147291 2.12674e-06 -4.87412e-07 -2.07013e-06
0.0147364 1.91244e-06 1.56167e-06 -1.10391e-06
0.0147437 1.34975e-06 5.79895e-07 1.21883e-06
0.0147511 1.35977e-06 -4.96732e-07 1.26579e-06
0.0147584 1.17765e-06 -1.13928e-06 -2.98157e-07
0.0147657 1.55552e-06 4.16943e-07 -1.4986e-06
0.014773 9.84276e-07 9.36004e-07 -3.04459e-07
0.0147804 1.34676e-06 5.62083e-07 1.22385e-06
0.0147877 1.63634e-06 -1.01701e-06 1.28191e-06
0.014795 1.08001e-06 -9.26681e-07 -5.54702e-07
0.0148023 1.5896e-06 -3.7681e-08 -1.58915e-06
0.0148096 1.41403e-06 1.19515e-06 -7.55713e-07
0.014817 1.29845e-06 6.52302e-07 1.12271e-06
0.0148243 1.49052e-06 -3.02408e-07 1.45952e-06
0.0148316 1.05552e-06 -1.0454e-06 1.45827e-07
0.0148389 1.35113e-06 -3.0281e-07 -1.31676e-06
0.0148462 1.08814e-06 4.22455e-07 -1.00278e-06
0.0148536 8.01155e-07 7.19813e-07 3.51737e-07
0.0148609 1.16353e-06 1.63123e-08 1.16342e-06
0.0148682 5.6175e-07 -3.66238e-07 4.25949e-07
0.0148755 7.18755e-07 -3.67393e-07 -6.17763e-07
0.0148829 7.85814e-07 1.44694e-07 -7.72378e-07
0.0148902 2.35259e-07 2.19114e-07 8.56484e-08
0.0148975 6.33133e-07 9.14444e-08 6.26495e-07
0.0149048 3.46258e-07 -1.85407e-07 2.92436e-07
0.0149121 4.16766e-07 -6.69422e-08 -4.11355e-07
0.0149195 4.37644e-07 6.62776e-08 -4.32596e-07
0.0149268 2.03172e-07 1.51197e-07 1.35715e-07
0.0149341 5.13316e-07 -3.33126e-08 5.12234e-07
0.0149414 1.8088e-07 -1.16985e-07 1.37957e-07
0.0149487 4.26595e-07 -9.55965e-08 -4.15746e-07
0.0149561 4.2711e-07 6.44513e-08 -4.22219e-07
0.0149634 1.7986e-07 1.01845e-07 1.48247e-07
0.0149707 5.15695e-07 5.64396e-08 5.12597e-07
0.014978 2.25031e-07 -4.25018e-08 2.20981e-07
0.0149854 3.49491e-07 -6.63776e-08 -3.43129e-07
0.0149927 4.51048e-07 -4.60734e-08 -4.48689e-07
