5.60449e-06 0 0 0
1.28646e-05 0 0 0
2.01677e-05 0 0 0
2.74804e-05 0 0 0
3.47968e-05 0 0 0
4.21149e-05 0 0 0
4.94341e-05 0 0 0
5.67539e-05 0 0 0
6.4074e-05 0 0 0
7.13945e-05 0 0 0
7.87151e-05 0 0 0
8.6036e-05 0 0 0
9.33569e-05 0 0 0
0.000100678 0 0 0
0.000107999 0 0 0
0.00011532 0 0 0
0.000122641 0 0 0
0.000129963 0 0 0
0.000137284 0 0 0
0.000144605 0 0 0
0.000151926 0 0 0
0.000159248 0 0 0
0.000166569 0 0 0
0.00017389 0 0 0
0.000181212 0 0 0
0.000188533 0 0 0
0.000195855 0 0 0
0.000203176 0 0 0
0.000210497 0 0 0
0.000217819 0 0 0
0.00022514 0 0 0
0.000232462 0 0 0
0.000239783 0 0 0
0.000247105 0 0 0
0.000254426 0 0 0
0.000261748 0 0 0
0.000269069 0 0 0
0.00027639 0 0 0
0.000283712 0 0 0
0.000291033 0 0 0
0.000298355 0 0 0
0.000305676 0 0 0
0.000312998 0 0 0
0.000320319 0 0 0
0.000327641 0 0 0
0.000334962 0 0 0
0.000342284 0 0 0
0.000349605 0 0 0
0.000356927 0 0 0
0.000364248 0 0 0
0.00037157 0 0 0
0.000378891 0 0 0
0.000386213 0 0 0
0.000393534 0 0 0
0.000400856 0 0 0
0.000408177 0 0 0
0.000415499 0 0 0
0.00042282 0 0 0
0.000430142 0 0 0
0.000437463 0 0 0
0.000444785 0 0 0
0.000452106 0 0 0
0.000459428 0 0 0
0.000466749 0 0 0
0.000474071 0 0 0
0.000481393 0 0 0
0.000488714 0 0 0
0.000496036 0 0 0
0.000503357 0 0 0
0.000510679 0 0 0
0.000518 0 0 0
0.000525322 0 0 0
0.000532643 0 0 0
0.000539965 0 0 0
0.000547286 0 0 0
0.000554608 0 0 0
0.000561929 0 0 0
0.000569251 0 0 0
0.000576572 0 0 0
0.000583894 0 0 0
0.000591215 0 0 0
0.000598537 0 0 0
0.000605858 0 0 0
0.00061318 0 0 0
0.000620501 0 0 0
0.000627823 0 0 0
0.000635144 0 0 0
0.000642466 0 0 0
0.000649787 0 0 0
0.000657109 0 0 0
0.000664431 0 0 0
0.000671752 0 0 0
0.000679074 0 0 0
0.000686395 0 0 0
0.000693717 0 0 0
0.000701038 0 0 0
0.00070836 0 0 0
0.000715681 0 0 0
0.000723003 0 0 0
0.000730324 0 0 0
0.000737646 0 0 0
0.000744967 0 0 0
0.000752289 0 0 0
0.00075961 0 0 0
0.000766932 0 0 0
0.000774253 0 0 0
0.000781575 0 0 0
0.000788897 0 0 0
0.000796218 0 0 0
0.00080354 0 0 0
0.000810861 0 0 0
0.000818183 0 0 0
0.000825504 0 0 0
0.000832826 0 0 0
0.000840147 0 0 0
0.000847469 0 0 0
0.00085479 0 0 0
0.000862112 0 0 0
0.000869433 0 0 0
0.000876755 0 0 0
0.000884076 0 0 0
0.000891398 0 0 0
0.000898719 0 0 0
0.000906041 0 0 0
0.000913363 0 0 0
0.000920684 0 0 0
0.000928006 0 0 0
0.000935327 0 0 0
0.000942649 0 0 0
0.00094997 0 0 0
0.000957292 0 0 0
0.000964613 0 0 0
0.000971935 0 0 0
0.000979256 0 0 0
0.000986578 0 0 0
0.000993899 0 0 0
0.00100122 0 0 0
0.00100854 0 0 0
0.00101586 0 0 0
0.00102319 0 0 0
0.00103051 0 0 0
0.00103783 0 0 0
0.00104515 0 0 0
0.00105247 0 0 0
0.00105979 0 0 0
0.00106711 0 0 0
0.00107444 0 0 0
0.00108176 0 0 0
0.00108908 0 0 0
0.0010964 0 0 0
0.00110372 0 0 0
0.00111104 0 0 0
0.00111837 0 0 0
0.00112569 0 0 0
0.00113301 0 0 0
0.00114033 0 0 0
0.00114765 0 0 0
0.00115497 0 0 0
0.00116229 0 0 0
0.00116962 0 0 0
0.00117694 0 0 0
0.00118426 0 0 0
0.00119158 0 0 0
0.0011989 0 0 0
0.00120622 0 0 0
0.00121355 0 0 0
0.00122087 0 0 0
0.00122819 0 0 0
0.00123551 0 0 0
0.00124283 0 0 0
0.00125015 0 0 0
0.00125747 0 0 0
0.0012648 0 0 0
0.00127212 0 0 0
0.00127944 0 0 0
0.00128676 0 0 0
0.00129408 0 0 0
0.0013014 0 0 0
0.00130873 0 0 0
0.00131605 0 0 0
0.00132337 0 0 0
0.00133069 0 0 0
0.00133801 0 0 0
0.00134533 0 0 0
0.00135265 0 0 0
0.00135998 0 0 0
0.0013673 0 0 0
0.00137462 0 0 0
0.00138194 0 0 0
0.00138926 0 0 0
0.00139658 0 0 0
0.00140391 0 0 0
0.00141123 0 0 0
0.00141855 0 0 0
0.00142587 0 0 0
0.00143319 0 0 0
0.00144051 0 0 0
0.00144783 0 0 0
0.00145516 0 0 0
0.00146248 0 0 0
0.0014698 0 0 0
0.00147712 0 0 0
0.00148444 0 0 0
0.00149176 0 0 0
0.00149909 0 0 0
0.00150641 0 0 0
0.00151373 0 0 0
0.00152105 0 0 0
0.00152837 0 0 0
0.00153569 0 0 0
0.00154301 0 0 0
0.00155034 0 0 0
0.00155766 0 0 0
0.00156498 0 0 0
0.0015723 0 0 0
0.00157962 0 0 0
0.00158694 0 0 0
0.00159427 0 0 0
0.00160159 0 0 0
0.00160891 0 0 0
0.00161623 0 0 0
0.00162355 0 0 0
0.00163087 0 0 0
0.00163819 0 0 0
0.00164552 0 0 0
0.00165284 0 0 0
0.00166016 0 0 0
0.00166748 0 0 0
0.0016748 0 0 0
0.00168212 0 0 0
0.00168945 0 0 0
0.00169677 0 0 0
0.00170409 0 0 0
0.00171141 0 0 0
0.00171873 0 0 0
0.00172605 0 0 0
0.00173337 0 0 0
0.0017407 0 0 0
0.00174802 0 0 0
0.00175534 0 0 0
0.00176266 0 0 0
0.00176998 0 0 0
0.0017773 0 0 0
0.00178463 0 0 0
0.00179195 0 0 0
0.00179927 0 0 0
0.00180659 0 0 0
0.00181391 0 0 0
0.00182123 0 0 0
0.00182855 0 0 0
0.00183588 0 0 0
0.0018432 0 0 0
0.00185052 0 0 0
0.00185784 0 0 0
0.00186516 0 0 0
0.00187248 0 0 0
0.00187981 0 0 0
0.00188713 0 0 0
0.00189445 0 0 0
0.00190177 0 0 0
0.00190909 0 0 0
0.00191641 0 0 0
0.00192373 0 0 0
0.00193106 0 0 0
0.00193838 0 0 0
0.0019457 0 0 0
0.00195302 0 0 0
0.00196034 0 0 0
0.00196766 0 0 0
0.00197499 0 0 0
0.00198231 0 0 0
0.00198963 0 0 0
0.00199695 0 0 0
0.00200427 0.999334 0.999334 0
0.00201159 0.999314 0.999314 0
0.00201891 0.999294 0.999294 0
0.00202624 0.999273 0.999273 0
0.00203356 0.999252 0.999252 0
0.00204088 0.99923 0.99923 0
0.0020482 0.999207 0.999207 0
0.00205552 0.999184 0.999184 0
0.00206284 0.999161 0.999161 0
0.00207017 0.999137 0.999137 0
0.00207749 0.999112 0.999112 0
0.00208481 0.999087 0.999087 0
0.00209213 0.999061 0.999061 0
0.00209945 0.999034 0.999034 0
0.00210677 0.999007 0.999007 0
0.00211409 0.998979 0.998979 0
0.00212142 0.99895 0.99895 0
0.00212874 0.998921 0.998921 0
0.00213606 0.998891 0.998891 0
0.00214338 0.99886 0.99886 0
0.0021507 0.998829 0.998829 0
0.00215802 0.998797 0.998797 0
0.00216535 0.998764 0.998764 0
0.00217267 0.99873 0.99873 0
0.00217999 0.998695 0.998695 0
0.00218731 0.99866 0.99866 0
0.00219463 0.998623 0.998623 0
0.00220195 0.998586 0.998586 0
0.00220927 0.998548 0.998548 0
0.0022166 0.998509 0.998509 0
0.00222392 0.998469 0.998469 0
0.00223124 0.998429 0.998429 0
0.00223856 0.998387 0.998387 0
0.00224588 0.998344 0.998344 0
0.0022532 0.998301 0.998301 0
0.00226053 0.998256 0.998256 0
0.00226785 0.99821 0.99821 0
0.00227517 0.998164 0.998164 0
0.00228249 0.998116 0.998116 0
0.00228981 0.998067 0.998067 0
0.00229713 0.998017 0.998017 0
0.00230445 0.997966 0.997966 0
0.00231178 0.997914 0.997914 0
0.0023191 0.99786 0.99786 0
0.00232642 0.997806 0.997806 0
0.00233374 0.99775 0.99775 0
0.00234106 0.997693 0.997693 0
0.00234838 0.997635 0.997635 0
0.0023557 0.997575 0.997575 0
0.00236303 0.997514 0.997514 0
0.00237035 0.997452 0.997452 0
0.00237767 0.997389 0.997389 0
0.00238499 0.997324 0.997324 0
0.00239231 0.997257 0.997257 0
0.00239963 0.997189 0.997189 0
0.00240696 0.99712 0.99712 0
0.00241428 0.997049 0.997049 0
0.0024216 0.996977 0.996977 0
0.00242892 0.996903 0.996903 0
0.00243624 0.996828 0.996828 0
0.00244356 0.996751 0.996751 0
0.00245088 0.996673 0.996673 0
0.00245821 0.996592 0.996592 0
0.00246553 0.996511 0.996511 0
0.00247285 0.996427 0.996427 0
0.00248017 0.996342 0.996342 0
0.00248749 0.996254 0.996254 0
0.00249481 0.996165 0.996165 0
0.00250214 0.996075 0.996075 0
0.00250946 0.995982 0.995982 0
0.00251678 0.995888 0.995888 0
0.0025241 0.995791 0.995791 0
0.00253142 0.995693 0.995693 0
0.00253874 0.995592 0.995592 0
0.00254606 0.99549 0.99549 0
0.00255339 0.995385 0.995385 0
0.00256071 0.995278 0.995278 0
0.00256803 0.99517 0.99517 0
0.00257535 0.995059 0.995059 0
0.00258267 0.994945 0.994945 0
0.00258999 0.99483 0.99483 0
0.00259732 0.994712 0.994712 0
0.00260464 0.994592 0.994592 0
0.00261196 0.994469 0.994469 0
0.00261928 0.994345 0.994345 0
0.0026266 0.994217 0.994217 0
0.00263392 0.994087 0.994087 0
0.00264124 0.993955 0.993955 0
0.00264857 0.99382 0.99382 0
0.00265589 0.993683 0.993683 0
0.00266321 0.993542 0.993542 0
0.00267053 0.993399 0.993399 0
0.00267785 0.993254 0.993254 0
0.00268517 0.993105 0.993105 0
0.0026925 0.992954 0.992954 0
0.00269982 0.9928 0.9928 0
0.00270714 0.992643 0.992643 0
0.00271446 0.992483 0.992483 0
0.00272178 0.992319 0.992319 0
0.0027291 0.992153 0.992153 0
0.00273642 0.991984 0.991984 0
0.00274375 0.991811 0.991811 0
0.00275107 0.991636 0.991636 0
0.00275839 0.991457 0.991457 0
0.00276571 0.991274 0.991274 0
0.00277303 0.991089 0.991089 0
0.00278035 0.9909 0.9909 0
0.00278768 0.990707 0.990707 0
0.002795 0.990511 0.990511 0
0.00280232 0.990311 0.990311 0
0.00280964 0.990108 0.990108 0
0.00281696 0.989901 0.989901 0
0.00282428 0.98969 0.98969 0
0.0028316 0.989475 0.989475 0
0.00283893 0.989257 0.989257 0
0.00284625 0.989034 0.989034 0
0.00285357 0.988808 0.988808 0
0.00286089 0.988578 0.988578 0
0.00286821 0.988343 0.988343 0
0.00287553 0.988104 0.988104 0
0.00288286 0.987861 0.987861 0
0.00289018 0.987614 0.987614 0
0.0028975 0.987362 0.987362 0
0.00290482 0.987106 0.987106 0
0.00291214 0.986846 0.986846 0
0.00291946 0.986581 0.986581 0
0.00292678 0.986311 0.986311 0
0.00293411 0.986036 0.986036 0
0.00294143 0.985757 0.985757 0
0.00294875 0.985473 0.985473 0
0.00295607 0.985184 0.985184 0
0.00296339 0.98489 0.98489 0
0.00297071 0.984592 0.984592 0
0.00297804 0.984288 0.984288 0
0.00298536 0.983978 0.983978 0
0.00299268 0.983664 0.983664 0
0.003 0.983344 0.983344 0
0.00300732 0.983019 0.983019 0
0.00301464 0.982688 0.982688 0
0.00302196 0.982352 0.982352 0
0.00302929 0.98201 0.98201 0
0.00303661 0.981663 0.981663 0
0.00304393 0.981309 0.981309 0
0.00305125 0.98095 0.98095 0
0.00305857 0.980585 0.980585 0
0.00306589 0.980214 0.980214 0
0.00307322 0.979836 0.979836 0
0.00308054 0.979453 0.979453 0
0.00308786 0.979063 0.979063 0
0.00309518 0.978667 0.978667 0
0.0031025 0.978264 0.978264 0
0.00310982 0.977855 0.977855 0
0.00311714 0.977439 0.977439 0
0.00312447 0.977017 0.977017 0
0.00313179 0.976588 0.976588 0
0.00313911 0.976152 0.976152 0
0.00314643 0.975708 0.975708 0
0.00315375 0.975258 0.975258 0
0.00316107 0.974801 0.974801 0
0.0031684 0.974336 0.974336 0
0.00317572 0.973864 0.973864 0
0.00318304 0.973385 0.973385 0
0.00319036 0.972898 0.972898 0
0.00319768 0.972403 0.972403 0
0.003205 0.971901 0.971901 0
0.00321232 0.971391 0.971391 0
0.00321965 0.970873 0.970873 0
0.00322697 0.970346 0.970346 0
0.00323429 0.969812 0.969812 0
0.00324161 0.96927 0.96927 0
0.00324893 0.968719 0.968719 0
0.00325625 0.96816 0.96816 0
0.00326358 0.967592 0.967592 0
0.0032709 0.967015 0.967015 0
0.00327822 0.96643 0.96643 0
0.00328554 0.965836 0.965836 0
0.00329286 0.965233 0.965233 0
0.00330018 0.964621 0.964621 0
0.0033075 0.964 0.964 0
0.00331483 0.963369 0.963369 0
0.00332215 0.962729 0.962729 0
0.00332947 0.96208 0.96208 0
0.00333679 0.96142 0.96142 0
0.00334411 0.960752 0.960752 0
0.00335143 0.960073 0.960073 0
0.00335876 0.959384 0.959384 0
0.00336608 0.958685 0.958685 0
0.0033734 0.957977 0.957977 0
0.00338072 0.957257 0.957257 0
0.00338804 0.956528 0.956528 0
0.00339536 0.955787 0.955787 0
0.00340268 0.955036 0.955036 0
0.00341001 0.954275 0.954275 0
0.00341733 0.953502 0.953502 0
0.00342465 0.952718 0.952718 0
0.00343197 0.951923 0.951923 0
0.00343929 0.951117 0.951117 0
0.00344661 0.9503 0.9503 0
0.00345394 0.949471 0.949471 0
0.00346126 0.94863 0.94863 0
0.00346858 0.947778 0.947778 0
0.0034759 0.946913 0.946913 0
0.00348322 0.946037 0.946037 0
0.00349054 0.945148 0.945148 0
0.00349786 0.944247 0.944247 0
0.00350519 0.943334 0.943334 0
0.00351251 0.942408 0.942408 0
0.00351983 0.94147 0.94147 0
0.00352715 0.940518 0.940518 0
0.00353447 0.939554 0.939554 0
0.00354179 0.938577 0.938577 0
0.00354912 0.937586 0.937586 0
0.00355644 0.936582 0.936582 0
0.00356376 0.935565 0.935565 0
0.00357108 0.934534 0.934534 0
0.0035784 0.933489 0.933489 0
0.00358572 0.93243 0.93243 0
0.00359304 0.931358 0.931358 0
0.00360037 0.930271 0.930271 0
0.00360769 0.92917 0.92917 0
0.00361501 0.928055 0.928055 0
0.00362233 0.926925 0.926925 0
0.00362965 0.92578 0.92578 0
0.00363697 0.92462 0.92462 0
0.0036443 0.923446 0.923446 0
0.00365162 0.922256 0.922256 0
0.00365894 0.921051 0.921051 0
0.00366626 0.919831 0.919831 0
0.00367358 0.918595 0.918595 0
0.0036809 0.917344 0.917344 0
0.00368822 0.916076 0.916076 0
0.00369555 0.914793 0.914793 0
0.00370287 0.913494 0.913494 0
0.00371019 0.912178 0.912178 0
0.00371751 0.910847 0.910847 0
0.00372483 0.909498 0.909498 0
0.00373215 0.908133 0.908133 0
0.00373948 0.906751 0.906751 0
0.0037468 0.905353 0.905353 0
0.00375412 0.903937 0.903937 0
0.00376144 0.902504 0.902504 0
0.00376876 0.901053 0.901053 0
0.00377608 0.899586 0.899586 0
0.0037834 0.8981 0.8981 0
0.00379073 0.896597 0.896597 0
0.00379805 0.895076 0.895076 0
0.00380537 0.893537 0.893537 0
0.00381269 0.891979 0.891979 0
0.00382001 0.890404 0.890404 0
0.00382733 0.88881 0.88881 0
0.00383466 0.887197 0.887197 0
0.00384198 0.885566 0.885566 0
0.0038493 0.883916 0.883916 0
0.00385662 0.882247 0.882247 0
0.00386394 0.880558 0.880558 0
0.00387126 0.878851 0.878851 0
0.00387858 0.877124 0.877124 0
0.00388591 0.875377 0.875377 0
0.00389323 0.873611 0.873611 0
0.00390055 0.871826 0.871826 0
0.00390787 0.87002 0.87002 0
0.00391519 0.868194 0.868194 0
0.00392251 0.866348 0.866348 0
0.00392984 0.864482 0.864482 0
0.00393716 0.862596 0.862596 0
0.00394448 0.860689 0.860689 0
0.0039518 0.858761 0.858761 0
0.00395912 0.856812 0.856812 0
0.00396644 0.854843 0.854843 0
0.00397376 0.852853 0.852853 0
0.00398109 0.850841 0.850841 0
0.00398841 0.848809 0.848809 0
0.00399573 0.846754 0.846754 0
0.00400305 0.844679 0.844679 0
0.00401037 0.842582 0.842582 0
0.00401769 0.840463 0.840463 0
0.00402502 0.838323 0.838323 0
0.00403234 0.836161 0.836161 0
0.00403966 0.833976 0.833976 0
0.00404698 0.83177 0.83177 0
0.0040543 0.829541 0.829541 0
0.00406162 0.82729 0.82729 0
0.00406894 0.825017 0.825017 0
0.00407627 0.822722 0.822722 0
0.00408359 0.820404 0.820404 0
0.00409091 0.818063 0.818063 0
0.00409823 0.815699 0.815699 0
0.00410555 0.813313 0.813313 0
0.00411287 0.810904 0.810904 0
0.0041202 0.808472 0.808472 0
0.00412752 0.806017 0.806017 0
0.00413484 0.803539 0.803539 0
0.00414216 0.801037 0.801037 0
0.00414948 0.798513 0.798513 0
0.0041568 0.795965 0.795965 0
0.00416412 0.793394 0.793394 0
0.00417145 0.7908 0.7908 0
0.00417877 0.788182 0.788182 0
0.00418609 0.78554 0.78554 0
0.00419341 0.782875 0.782875 0
0.00420073 0.780187 0.780187 0
0.00420805 0.777475 0.777475 0
0.00421538 0.774739 0.774739 0
0.0042227 0.77198 0.77198 0
0.00423002 0.769197 0.769197 0
0.00423734 0.76639 0.76639 0
0.00424466 0.763559 0.763559 0
0.00425198 0.760705 0.760705 0
0.0042593 0.757827 0.757827 0
0.00426663 0.754926 0.754926 0
0.00427395 0.752 0.752 0
0.00428127 0.749051 0.749051 0
0.00428859 0.746078 0.746078 0
0.00429591 0.743081 0.743081 0
0.00430323 0.740061 0.740061 0
0.00431056 0.737017 0.737017 0
0.00431788 0.733949 0.733949 0
0.0043252 0.730858 0.730858 0
0.00433252 0.727743 0.727743 0
0.00433984 0.724604 0.724604 0
0.00434716 0.721442 0.721442 0
0.00435448 0.718257 0.718257 0
0.00436181 0.715048 0.715048 0
0.00436913 0.711815 0.711815 0
0.00437645 0.70856 0.70856 0
0.00438377 0.705281 0.705281 0
0.00439109 0.70198 0.70198 0
0.00439841 0.698655 0.698655 0
0.00440574 0.695307 0.695307 0
0.00441306 0.691936 0.691936 0
0.00442038 0.688543 0.688543 0
0.0044277 0.685127 0.685127 0
0.00443502 0.681688 0.681688 0
0.00444234 0.678227 0.678227 0
0.00444966 0.674744 0.674744 0
0.00445699 0.671239 0.671239 0
0.00446431 0.667711 0.667711 0
0.00447163 0.664162 0.664162 0
0.00447895 0.660591 0.660591 0
0.00448627 0.656999 0.656999 0
0.00449359 0.653385 0.653385 0
0.00450092 0.64975 0.64975 0
0.00450824 0.646093 0.646093 0
0.00451556 0.642416 0.642416 0
0.00452288 0.638719 0.638719 0
0.0045302 0.635 0.635 0
0.00453752 0.631262 0.631262 0
0.00454484 0.627503 0.627503 0
0.00455217 0.623725 0.623725 0
0.00455949 0.619926 0.619926 0
0.00456681 0.616109 0.616109 0
0.00457413 0.612272 0.612272 0
0.00458145 0.608416 0.608416 0
0.00458877 0.604542 0.604542 0
0.0045961 0.600649 0.600649 0
0.00460342 0.596738 0.596738 0
0.00461074 0.59281 0.59281 0
0.00461806 0.588863 0.588863 0
0.00462538 0.584899 0.584899 0
0.0046327 0.580918 0.580918 0
0.00464002 0.576921 0.576921 0
0.00464735 0.572907 0.572907 0
0.00465467 0.568877 0.568877 0
0.00466199 0.564831 0.564831 0
0.00466931 0.56077 0.56077 0
0.00467663 0.556693 0.556693 0
0.00468395 0.552602 0.552602 0
0.00469128 0.548496 0.548496 0
0.0046986 0.544376 0.544376 0
0.00470592 0.540243 0.540243 0
0.00471324 0.536096 0.536096 0
0.00472056 0.531936 0.531936 0
0.00472788 0.527763 0.527763 0
0.0047352 0.523579 0.523579 0
0.00474253 0.519382 0.519382 0
0.00474985 0.515174 0.515174 0
0.00475717 0.510955 0.510955 0
0.00476449 0.506726 0.506726 0
0.00477181 0.502486 0.502486 0
0.00477913 0.498237 0.498237 0
0.00478646 0.493978 0.493978 0
0.00479378 0.48971 0.48971 0
0.0048011 0.485434 0.485434 0
0.00480842 0.48115 0.48115 0
0.00481574 0.476859 0.476859 0
0.00482306 0.472561 0.472561 0
0.00483038 0.468256 0.468256 0
0.00483771 0.463944 0.463944 0
0.00484503 0.459628 0.459628 0
0.00485235 0.455306 0.455306 0
0.00485967 0.45098 0.45098 0
0.00486699 0.446649 0.446649 0
0.00487431 0.442315 0.442315 0
0.00488164 0.437978 0.437978 0
0.00488896 0.433638 0.433638 0
0.00489628 0.429297 0.429297 0
0.0049036 0.424953 0.424953 0
0.00491092 0.420609 0.420609 0
0.00491824 0.416264 0.416264 0
0.00492556 0.411919 0.411919 0
0.00493289 0.407575 0.407575 0
0.00494021 0.403233 0.403233 0
0.00494753 0.398891 0.398891 0
0.00495485 0.394552 0.394552 0
0.00496217 0.390216 0.390216 0
0.00496949 0.385884 0.385884 0
0.00497682 0.381555 0.381555 0
0.00498414 0.37723 0.37723 0
0.00499146 0.372911 0.372911 0
0.00499878 0.368598 0.368598 0
0.0050061 0.36429 0.36429 0
0.00501342 0.35999 0.35999 0
0.00502074 0.355697 0.355697 0
0.00502807 0.351411 0.351411 0
0.00503539 0.347135 0.347135 0
0.00504271 0.342867 0.342867 0
0.00505003 0.338609 0.338609 0
0.00505735 0.334361 0.334361 0
0.00506467 0.330124 0.330124 0
0.005072 0.325899 0.325899 0
0.00507932 0.321685 0.321685 0
0.00508664 0.317485 0.317485 0
0.00509396 0.313297 0.313297 0
0.00510128 0.309123 0.309123 0
0.0051086 0.304963 0.304963 0
0.00511592 0.300818 0.300818 0
0.00512325 0.296689 0.296689 0
0.00513057 0.292576 0.292576 0
0.00513789 0.288479 0.288479 0
0.00514521 0.284399 0.284399 0
0.00515253 0.280337 0.280337 0
0.00515985 0.276294 0.276294 0
0.00516718 0.272269 0.272269 0
0.0051745 0.268264 0.268264 0
0.00518182 0.264278 0.264278 0
0.00518914 0.260313 0.260313 0
0.00519646 0.256369 0.256369 0
0.00520378 0.252447 0.252447 0
0.0052111 0.248547 0.248547 0
0.00521843 0.244669 0.244669 0
0.00522575 0.240814 0.240814 0
0.00523307 0.236983 0.236983 0
0.00524039 0.233177 0.233177 0
0.00524771 0.229394 0.229394 0
0.00525503 0.225637 0.225637 0
0.00526236 0.221906 0.221906 0
0.00526968 0.218201 0.218201 0
0.005277 0.214522 0.214522 0
0.00528432 0.21087 0.21087 0
0.00529164 0.207246 0.207246 0
0.00529896 0.20365 0.20365 0
0.00530628 0.200082 0.200082 0
0.00531361 0.196542 0.196542 0
0.00532093 0.193032 0.193032 0
0.00532825 0.189552 0.189552 0
0.00533557 0.186102 0.186102 0
0.00534289 0.182682 0.182682 0
0.00535021 0.179293 0.179293 0
0.00535754 0.175935 0.175935 0
0.00536486 0.172608 0.172608 0
0.00537218 0.169314 0.169314 0
0.0053795 0.166051 0.166051 0
0.00538682 0.162822 0.162822 0
0.00539414 0.159625 0.159625 0
0.00540146 0.156461 0.156461 0
0.00540879 0.15333 0.15333 0
0.00541611 0.150234 0.150234 0
0.00542343 0.147171 0.147171 0
0.00543075 0.144143 0.144143 0
0.00543807 0.141149 0.141149 0
0.00544539 0.138189 0.138189 0
0.00545272 0.135265 0.135265 0
0.00546004 0.132376 0.132376 0
0.00546736 0.129522 0.129522 0
0.00547468 0.126704 0.126704 0
0.005482 0.123921 0.123921 0
0.00548932 0.121175 0.121175 0
0.00549664 0.118464 0.118464 0
0.00550397 0.115789 0.115789 0
0.00551129 0.113151 0.113151 0
0.00551861 0.110548 0.110548 0
0.00552593 0.107983 0.107983 0
0.00553325 0.105453 0.105453 0
0.00554057 0.10296 0.10296 0
0.0055479 0.100504 0.100504 0
0.00555522 0.0980847 0.0980847 0
0.00556254 0.0957017 0.0957017 0
0.00556986 0.0933554 0.0933554 0
0.00557718 0.0910457 0.0910457 0
0.0055845 0.0887727 0.0887727 0
0.00559182 0.0865362 0.0865362 0
0.00559915 0.0843362 0.0843362 0
0.00560647 0.0821727 0.0821727 0
0.00561379 0.0800456 0.0800456 0
0.00562111 0.0779548 0.0779548 0
0.00562843 0.0759002 0.0759002 0
0.00563575 0.0738818 0.0738818 0
0.00564308 0.0718993 0.0718993 0
0.0056504 0.0699526 0.0699526 0
0.00565772 0.0680416 0.0680416 0
0.00566504 0.0661661 0.0661661 0
0.00567236 0.064326 0.064326 0
0.00567968 0.0625211 0.0625211 0
0.005687 0.0607511 0.0607511 0
0.00569433 0.0590159 0.0590159 0
0.00570165 0.0573152 0.0573152 0
0.00570897 0.0556489 0.0556489 0
0.00571629 0.0540166 0.0540166 0
0.00572361 0.0524181 0.0524181 0
0.00573093 0.0508533 0.0508533 0
0.00573826 0.0493216 0.0493216 0
0.00574558 0.047823 0.047823 0
0.0057529 0.0463572 0.0463572 0
0.00576022 0.0449237 0.0449237 0
0.00576754 0.0435223 0.0435223 0
0.00577486 0.0421528 0.0421528 0
0.00578218 0.0408146 0.0408146 0
0.00578951 0.0395077 0.0395077 0
0.00579683 0.0382315 0.0382315 0
0.00580415 0.0369857 0.0369857 0
0.00581147 0.03577 0.03577 0
0.00581879 0.0345841 0.0345841 0
0.00582611 0.0334275 0.0334275 0
0.00583344 0.0322998 0.0322998 0
0.00584076 0.0312008 0.0312008 0
0.00584808 0.03013 0.03013 0
0.0058554 0.0290869 0.0290869 0
0.00586272 0.0280713 0.0280713 0
0.00587004 0.0270827 0.0270827 0
0.00587736 0.0261207 0.0261207 0
0.00588469 0.0251849 0.0251849 0
0.00589201 0.0242748 0.0242748 0
0.00589933 0.0233901 0.0233901 0
0.00590665 0.0225304 0.0225304 0
0.00591397 0.0216952 0.0216952 0
0.00592129 0.0208841 0.0208841 0
0.00592862 0.0200966 0.0200966 0
0.00593594 0.0193324 0.0193324 0
0.00594326 0.018591 0.018591 0
0.00595058 0.017872 0.017872 0
0.0059579 0.0171749 0.0171749 0
0.00596522 0.0164993 0.0164993 0
0.00597254 0.0158449 0.0158449 0
0.00597987 0.0152111 0.0152111 0
0.00598719 0.0145975 0.0145975 0
0.00599451 0.0140037 0.0140037 0
0.00600183 0.0134292 0.0134292 0
0.00600915 0.0128737 0.0128737 0
0.00601647 0.0123367 0.0123367 0
0.0060238 0.0118178 0.0118178 0
0.00603112 0.0113166 0.0113166 0
0.00603844 0.0108326 0.0108326 0
0.00604576 0.0103655 0.0103655 0
0.00605308 0.00991479 0.00991479 0
0.0060604 0.00948009 0.00948009 0
0.00606772 0.00906099 0.00906099 0
0.00607505 0.00865711 0.00865711 0
0.00608237 0.00826803 0.00826803 0
0.00608969 0.00789336 0.00789336 0
0.00609701 0.00753272 0.00753272 0
0.00610433 0.00718573 0.00718573 0
0.00611165 0.00685199 0.00685199 0
0.00611898 0.00653113 0.00653113 0
0.0061263 0.00622279 0.00622279 0
0.00613362 0.0059266 0.0059266 0
0.00614094 0.00564219 0.00564219 0
0.00614826 0.00536923 0.00536923 0
0.00615558 0.00510734 0.00510734 0
0.0061629 0.0048562 0.0048562 0
0.00617023 0.00461547 0.00461547 0
0.00617755 0.00438481 0.00438481 0
0.00618487 0.00416389 0.00416389 0
0.00619219 0.00395241 0.00395241 0
0.00619951 0.00375004 0.00375004 0
0.00620683 0.00355649 0.00355649 0
0.00621416 0.00337144 0.00337144 0
0.00622148 0.0031946 0.0031946 0
0.0062288 0.00302569 0.00302569 0
0.00623612 0.00286443 0.00286443 0
0.00624344 0.00271054 0.00271054 0
0.00625076 0.00256374 0.00256374 0
0.00625808 0.00242379 0.00242379 0
0.00626541 0.00229042 0.00229042 0
0.00627273 0.00216338 0.00216338 0
0.00628005 0.00204243 0.00204243 0
0.00628737 0.00192734 0.00192734 0
0.00629469 0.00181786 0.00181786 0
0.00630201 0.00171379 0.00171379 0
0.00630934 0.00161489 0.00161489 0
0.00631666 0.00152097 0.00152097 0
0.00632398 0.00143181 0.00143181 0
0.0063313 0.00134721 0.00134721 0
0.00633862 0.00126699 0.00126699 0
0.00634594 0.00119094 0.00119094 0
0.00635326 0.0011189 0.0011189 0
0.00636059 0.00105069 0.00105069 0
0.00636791 0.000986135 0.000986135 0
0.00637523 0.000925071 0.000925071 0
0.00638255 0.00086734 0.00086734 0
0.00638987 0.00081279 0.00081279 0
0.00639719 0.000761272 0.000761272 0
0.00640452 0.000712645 0.000712645 0
0.00641184 0.000666769 0.000666769 0
0.00641916 0.000623514 0.000623514 0
0.00642648 0.000582752 0.000582752 0
0.0064338 0.000544359 0.000544359 0
0.00644112 0.000508219 0.000508219 0
0.00644844 0.000474218 0.000474218 0
0.00645577 0.000442247 0.000442247 0
0.00646309 0.000412203 0.000412203 0
0.00647041 0.000383984 0.000383984 0
0.00647773 0.000357495 0.000357495 0
0.00648505 0.000332645 0.000332645 0
0.00649237 0.000309345 0.000309345 0
0.0064997 0.000287512 0.000287512 0
0.00650702 0.000267065 0.000267065 0
0.00651434 0.000247927 0.000247927 0
0.00652166 0.000230026 0.000230026 0
0.00652898 0.000213291 0.000213291 0
0.0065363 0.000197656 0.000197656 0
0.00654362 0.000183057 0.000183057 0
0.00655095 0.000169435 0.000169435 0
0.00655827 0.00015673 0.00015673 0
0.00656559 0.00014489 0.00014489 0
0.00657291 0.000133862 0.000133862 0
0.00658023 0.000123596 0.000123596 0
0.00658755 0.000114047 0.000114047 0
0.00659488 0.000105169 0.000105169 0
0.0066022 9.69216e-05 9.69216e-05 0
0.00660952 8.92637e-05 8.92637e-05 0
0.00661684 8.21583e-05 8.21583e-05 0
0.00662416 7.55696e-05 7.55696e-05 0
0.00663148 6.94643e-05 6.94643e-05 0
0.0066388 6.38104e-05 6.38104e-05 0
0.00664613 5.85782e-05 5.85782e-05 0
0.00665345 5.37395e-05 5.37395e-05 0
0.00666077 4.92675e-05 4.92675e-05 0
0.00666809 4.51374e-05 4.51374e-05 0
0.00667541 4.13256e-05 4.13256e-05 0
0.00668273 3.781e-05 3.781e-05 0
0.00669005 3.45698e-05 3.45698e-05 0
0.00669738 3.15855e-05 3.15855e-05 0
0.0067047 2.88388e-05 2.88388e-05 0
0.00671202 2.63126e-05 2.63126e-05 0
0.00671934 2.39908e-05 2.39908e-05 0
0.00672666 2.18584e-05 2.18584e-05 0
0.00673398 1.99014e-05 1.99014e-05 0
0.00674131 1.81066e-05 1.81066e-05 0
0.00674863 1.64618e-05 1.64618e-05 0
0.00675595 1.49556e-05 1.49556e-05 0
0.00676327 1.35772e-05 1.35772e-05 0
0.00677059 1.23168e-05 1.23168e-05 0
0.00677791 1.11652e-05 1.11652e-05 0
0.00678523 1.01137e-05 1.01137e-05 0
0.00679256 9.15433e-06 9.15433e-06 0
0.00679988 8.27973e-06 8.27973e-06 0
0.0068072 7.48301e-06 7.48301e-06 0
0.00681452 6.75778e-06 6.75778e-06 0
0.00682184 6.09814e-06 6.09814e-06 0
0.00682916 5.49863e-06 5.49863e-06 0
0.00683649 4.9542e-06 4.9542e-06 0
0.00684381 4.46017e-06 4.46017e-06 0
0.00685113 4.01223e-06 4.01223e-06 0
0.00685845 3.60642e-06 3.60642e-06 0
0.00686577 3.23906e-06 3.23906e-06 0
0.00687309 2.90677e-06 2.90677e-06 0
0.00688041 2.60647e-06 2.60647e-06 0
0.00688774 2.33528e-06 2.33528e-06 0
0.00689506 2.0906e-06 2.0906e-06 0
0.00690238 1.87e-06 1.87e-06 0
0.0069097 1.6713e-06 1.6713e-06 0
0.00691702 1.49245e-06 1.49245e-06 0
0.00692434 1.33163e-06 1.33163e-06 0
0.00693167 1.18713e-06 1.18713e-06 0
0.00693899 1.05741e-06 1.05741e-06 0
0.00694631 9.41052e-07 9.41052e-07 0
0.00695363 8.36778e-07 8.36778e-07 0
0.00696095 7.43413e-07 7.43413e-07 0
0.00696827 6.59887e-07 6.59887e-07 0
0.00697559 5.85231e-07 5.85231e-07 0
0.00698292 5.18562e-07 5.18562e-07 0
0.00699024 4.59078e-07 4.59078e-07 0
0.00699756 4.06054e-07 4.06054e-07 0
0.00700488 3.5883e-07 3.5883e-07 0
0.0070122 3.1681e-07 3.1681e-07 0
0.00701952 2.79456e-07 2.79456e-07 0
0.00702685 2.46279e-07 2.46279e-07 0
0.00703417 2.16841e-07 2.16841e-07 0
0.00704149 1.90743e-07 1.90743e-07 0
0.00704881 1.6763e-07 1.6763e-07 0
0.00705613 1.47178e-07 1.47178e-07 0
0.00706345 1.29099e-07 1.29099e-07 0
0.00707077 1.13133e-07 1.13133e-07 0
0.0070781 9.90465e-08 9.90465e-08 0
0.00708542 8.66301e-08 8.66301e-08 0
0.00709274 7.56965e-08 7.56965e-08 0
0.00710006 6.60781e-08 6.60781e-08 0
0.00710738 5.76252e-08 5.76252e-08 0
0.0071147 5.02038e-08 5.02038e-08 0
0.00712203 4.36946e-08 4.36946e-08 0
0.00712935 3.79913e-08 3.79913e-08 0
0.00713667 3.2999e-08 3.2999e-08 0
0.00714399 2.86337e-08 2.86337e-08 0
0.00715131 2.48205e-08 2.48205e-08 0
0.00715863 2.1493e-08 2.1493e-08 0
0.00716595 1.85924e-08 1.85924e-08 0
0.00717328 1.60665e-08 1.60665e-08 0
0.0071806 1.38692e-08 1.38692e-08 0
0.00718792 1.19598e-08 1.19598e-08 0
0.00719524 1.03024e-08 1.03024e-08 0
0.00720256 8.86518e-09 8.86518e-09 0
0.00720988 7.62029e-09 7.62029e-09 0
0.00721721 6.54315e-09 6.54315e-09 0
0.00722453 5.61216e-09 5.61216e-09 0
0.00723185 4.80838e-09 4.80838e-09 0
0.00723917 4.1152e-09 4.1152e-09 0
0.00724649 3.51805e-09 3.51805e-09 0
0.00725381 3.00421e-09 3.00421e-09 0
0.00726113 2.56255e-09 2.56255e-09 0
0.00726846 2.18335e-09 2.18335e-09 0
0.00727578 1.85817e-09 1.85817e-09 0
0.0072831 1.57961e-09 1.57961e-09 0
0.00729042 1.34127e-09 1.34127e-09 0
0.00729774 1.13758e-09 1.13758e-09 0
0.00730506 9.63707e-10 9.63707e-10 0
0.00731239 8.15455e-10 8.15455e-10 0
0.00731971 6.89199e-10 6.89199e-10 0
0.00732703 5.81803e-10 5.81803e-10 0
0.00733435 4.90558e-10 4.90558e-10 0
0.00734167 4.13129e-10 4.13129e-10 0
0.00734899 3.47503e-10 3.47503e-10 0
0.00735631 2.91948e-10 2.91948e-10 0
0.00736364 2.44976e-10 2.44976e-10 0
0.00737096 2.0531e-10 2.0531e-10 0
0.00737828 1.71854e-10 1.71854e-10 0
0.0073856 1.43672e-10 1.43672e-10 0
0.00739292 1.19962e-10 1.19962e-10 0
0.00740024 1.00039e-10 1.00039e-10 0
0.00740757 8.33195e-11 8.33195e-11 0
0.00741489 6.93063e-11 6.93063e-11 0
0.00742221 5.75764e-11 5.75764e-11 0
0.00742953 4.77703e-11 4.77703e-11 0
0.00743685 3.95831e-11 3.95831e-11 0
0.00744417 3.27565e-11 3.27565e-11 0
0.00745149 2.70718e-11 2.70718e-11 0
0.00745882 2.23443e-11 2.23443e-11 0
0.00746614 1.84179e-11 1.84179e-11 0
0.00747346 1.51613e-11 1.51613e-11 0
0.00748078 1.24638e-11 1.24638e-11 0
0.0074881 1.02324e-11 1.02324e-11 0
0.00749542 8.38917e-12 8.38917e-12 0
0.00750275 6.86859e-12 6.86859e-12 0
0.00751007 5.61593e-12 5.61593e-12 0
0.00751739 4.58539e-12 4.58539e-12 0
0.00752471 3.73877e-12 3.73877e-12 0
0.00753203 3.04422e-12 3.04422e-12 0
0.00753935 2.47521e-12 2.47521e-12 0
0.00754667 2.00973e-12 2.00973e-12 0
0.007554 1.62947e-12 1.62947e-12 0
0.00756132 1.31927e-12 1.31927e-12 0
0.00756864 1.06659e-12 1.06659e-12 0
0.00757596 8.6106e-13 8.6106e-13 0
0.00758328 6.94127e-13 6.94127e-13 0
0.0075906 5.5874e-13 5.5874e-13 0
0.00759793 4.49099e-13 4.49099e-13 0
0.00760525 3.6044e-13 3.6044e-13 0
0.00761257 2.88853e-13 2.88853e-13 0
0.00761989 2.31139e-13 2.31139e-13 0
0.00762721 1.84678e-13 1.84678e-13 0
0.00763453 1.47333e-13 1.47333e-13 0
0.00764185 1.17361e-13 1.17361e-13 0
0.00764918 9.3343e-14 9.3343e-14 0
0.0076565 7.41263e-14 7.41263e-14 0
0.00766382 5.87748e-14 5.87748e-14 0
0.00767114 4.653e-14 4.653e-14 0
0.00767846 3.67786e-14 3.67786e-14 0
0.00768578 2.9025e-14 2.9025e-14 0
0.00769311 2.28698e-14 2.28698e-14 0
0.00770043 1.79912e-14 1.79912e-14 0
0.00770775 1.41307e-14 1.41307e-14 0
0.00771507 1.10807e-14 1.10807e-14 0
0.00772239 8.6749e-15 8.6749e-15 0
0.00772971 6.7804e-15 6.7804e-15 0
0.00773703 5.29096e-15 5.29096e-15 0
0.00774436 4.1219e-15 4.1219e-15 0
0.00775168 3.20583e-15 3.20583e-15 0
0.007759 2.4892e-15 2.4892e-15 0
0.00776632 1.92953e-15 1.92953e-15 0
0.00777364 1.49317e-15 1.49317e-15 0
0.00778096 1.15354e-15 1.15354e-15 0
0.00778829 8.89636e-16 8.89636e-16 0
0.00779561 6.84934e-16 6.84934e-16 0
0.00780293 5.26425e-16 5.26425e-16 0
0.00781025 4.03897e-16 4.03897e-16 0
0.00781757 3.09348e-16 3.09348e-16 0
0.00782489 2.36517e-16 2.36517e-16 0
0.00783221 1.80514e-16 1.80514e-16 0
0.00783954 1.37527e-16 1.37527e-16 0
0.00784686 1.0459e-16 1.0459e-16 0
0.00785418 7.93992e-17 7.93992e-17 0
0.0078615 6.01668e-17 6.01668e-17 0
0.00786882 4.55104e-17 4.55104e-17 0
0.00787614 3.43614e-17 3.43614e-17 0
0.00788347 2.58961e-17 2.58961e-17 0
0.00789079 1.94804e-17 1.94804e-17 0
0.00789811 1.4627e-17 1.4627e-17 0
0.00790543 1.09623e-17 1.09623e-17 0
0.00791275 8.2004e-18 8.2004e-18 0
0.00792007 6.12277e-18 6.12277e-18 0
0.00792739 4.56287e-18 4.56287e-18 0
0.00793472 3.3939e-18 3.3939e-18 0
0.00794204 2.51958e-18 2.51958e-18 0
0.00794936 1.86689e-18 1.86689e-18 0
0.00795668 1.3806e-18 1.3806e-18 0
0.007964 1.01899e-18 1.01899e-18 0
0.00797132 7.50617e-19 7.50617e-19 0
0.00797865 5.51839e-19 5.51839e-19 0
0.00798597 4.04898e-19 4.04898e-19 0
0.00799329 2.96492e-19 2.96492e-19 0
0.00800061 2.16675e-19 2.16675e-19 0
0.00800793 1.58027e-19 1.58027e-19 0
0.00801525 1.1502e-19 1.1502e-19 0
0.00802257 8.35465e-20 8.35465e-20 0
0.0080299 6.05612e-20 6.05612e-20 0
0.00803722 4.38093e-20 4.38093e-20 0
0.00804454 3.16256e-20 3.16256e-20 0
0.00805186 2.27828e-20 2.27828e-20 0
0.00805918 1.63781e-20 1.63781e-20 0
0.0080665 1.17492e-20 1.17492e-20 0
0.00807383 8.41071e-21 8.41071e-21 0
0.00808115 6.00804e-21 6.00804e-21 0
0.00808847 4.28255e-21 4.28255e-21 0
0.00809579 3.04606e-21 3.04606e-21 0
0.00810311 2.16189e-21 2.16189e-21 0
0.00811043 1.53104e-21 1.53104e-21 0
0.00811775 1.0819e-21 1.0819e-21 0
0.00812508 7.6284e-22 7.6284e-22 0
0.0081324 5.36685e-22 5.36685e-22 0
0.00813972 3.76739e-22 3.76739e-22 0
0.00814704 2.6387e-22 2.6387e-22 0
0.00815436 1.84401e-22 1.84401e-22 0
0.00816168 1.28575e-22 1.28575e-22 0
0.00816901 8.94465e-23 8.94465e-23 0
0.00817633 6.20837e-23 6.20837e-23 0
0.00818365 4.29927e-23 4.29927e-23 0
0.00819097 2.97036e-23 2.97036e-23 0
0.00819829 2.04747e-23 2.04747e-23 0
0.00820561 1.40802e-23 1.40802e-23 0
0.00821293 9.66017e-24 9.66017e-24 0
0.00822026 6.61204e-24 6.61204e-24 0
0.00822758 4.51498e-24 4.51498e-24 0
0.0082349 3.07568e-24 3.07568e-24 0
0.00824222 2.09019e-24 2.09019e-24 0
0.00824954 1.41705e-24 1.41705e-24 0
0.00825686 9.58364e-25 9.58364e-25 0
0.00826419 6.46576e-25 6.46576e-25 0
0.00827151 4.35156e-25 4.35156e-25 0
0.00827883 2.92147e-25 2.92147e-25 0
0.00828615 1.95652e-25 1.95652e-25 0
0.00829347 1.30703e-25 1.30703e-25 0
0.00830079 8.70967e-26 8.70967e-26 0
0.00830811 5.78929e-26 5.78929e-26 0
0.00831544 3.83842e-26 3.83842e-26 0
0.00832276 2.53849e-26 2.53849e-26 0
0.00833008 1.67451e-26 1.67451e-26 0
0.0083374 1.10176e-26 1.10176e-26 0
0.00834472 7.23045e-27 7.23045e-27 0
0.00835204 4.73278e-27 4.73278e-27 0
0.00835937 3.08983e-27 3.08983e-27 0
0.00836669 2.01193e-27 2.01193e-27 0
0.00837401 1.30662e-27 1.30662e-27 0
0.00838133 8.46314e-28 8.46314e-28 0
0.00838865 5.46711e-28 5.46711e-28 0
0.00839597 3.52226e-28 3.52226e-28 0
0.00840329 2.26317e-28 2.26317e-28 0
0.00841062 1.45023e-28 1.45023e-28 0
0.00841794 9.26774e-29 9.26774e-29 0
0.00842526 5.90642e-29 5.90642e-29 0
0.00843258 3.75388e-29 3.75388e-29 0
0.0084399 2.37924e-29 2.37924e-29 0
0.00844722 1.50379e-29 1.50379e-29 0
0.00845455 9.4782e-30 9.4782e-30 0
0.00846187 5.95723e-30 5.95723e-30 0
0.00846919 3.73369e-30 3.73369e-30 0
0.00847651 2.33346e-30 2.33346e-30 0
0.00848383 1.4542e-30 1.4542e-30 0
0.00849115 9.03659e-31 9.03659e-31 0
0.00849847 5.5993e-31 5.5993e-31 0
0.0085058 3.45943e-31 3.45943e-31 0
0.00851312 2.13114e-31 2.13114e-31 0
0.00852044 1.30903e-31 1.30903e-31 0
0.00852776 8.01696e-32 8.01696e-32 0
0.00853508 4.89538e-32 4.89538e-32 0
0.0085424 2.98039e-32 2.98039e-32 0
0.00854973 1.8091e-32 1.8091e-32 0
0.00855705 1.09483e-32 1.09483e-32 0
0.00856437 6.60577e-33 6.60577e-33 0
0.00857169 3.97358e-33 3.97358e-33 0
0.00857901 2.38296e-33 2.38296e-33 0
0.00858633 1.42469e-33 1.42469e-33 0
0.00859365 8.49158e-34 8.49158e-34 0
0.00860098 5.04558e-34 5.04558e-34 0
0.0086083 2.9887e-34 2.9887e-34 0
0.00861562 1.7648e-34 1.7648e-34 0
0.00862294 1.03883e-34 1.03883e-34 0
0.00863026 6.09566e-35 6.09566e-35 0
0.00863758 3.56548e-35 3.56548e-35 0
0.00864491 2.07888e-35 2.07888e-35 0
0.00865223 1.20822e-35 1.20822e-35 0
0.00865955 6.99948e-36 6.99948e-36 0
0.00866687 4.04182e-36 4.04182e-36 0
0.00867419 2.32634e-36 2.32634e-36 0
0.00868151 1.33459e-36 1.33459e-36 0
0.00868883 7.63121e-37 7.63121e-37 0
0.00869616 4.34914e-37 4.34914e-37 0
0.00870348 2.47041e-37 2.47041e-37 0
0.0087108 1.39857e-37 1.39857e-37 0
0.00871812 7.89119e-38 7.89119e-38 0
0.00872544 4.43746e-38 4.43746e-38 0
0.00873276 2.48688e-38 2.48688e-38 0
0.00874009 1.38897e-38 1.38897e-38 0
0.00874741 7.73116e-39 7.73116e-39 0
0.00875473 4.28846e-39 4.28846e-39 0
0.00876205 2.37058e-39 2.37058e-39 0
0.00876937 1.30586e-39 1.30586e-39 0
0.00877669 7.16842e-40 7.16842e-40 0
0.00878401 3.92124e-40 3.92124e-40 0
0.00879134 2.13742e-40 2.13742e-40 0
0.00879866 1.16096e-40 1.16096e-40 0
0.00880598 6.28339e-41 6.28339e-41 0
0.0088133 3.38856e-41 3.38856e-41 0
0.00882062 1.82084e-41 1.82084e-41 0
0.00882794 9.74896e-42 9.74896e-42 0
0.00883527 5.20073e-42 5.20073e-42 0
0.00884259 2.76428e-42 2.76428e-42 0
0.00884991 1.46388e-42 1.46388e-42 0
0.00885723 7.72368e-43 7.72368e-43 0
0.00886455 4.06005e-43 4.06005e-43 0
0.00887187 2.12628e-43 2.12628e-43 0
0.00887919 1.10938e-43 1.10938e-43 0
0.00888652 5.76642e-44 5.76642e-44 0
0.00889384 2.98599e-44 2.98599e-44 0
0.00890116 1.54035e-44 1.54035e-44 0
0.00890848 7.91568e-45 7.91568e-45 0
0.0089158 4.05219e-45 4.05219e-45 0
0.00892312 2.06641e-45 2.06641e-45 0
0.00893045 1.04968e-45 1.04968e-45 0
0.00893777 5.31134e-46 5.31134e-46 0
0.00894509 2.67701e-46 2.67701e-46 0
0.00895241 1.34396e-46 1.34396e-46 0
0.00895973 6.72057e-47 6.72057e-47 0
0.00896705 3.34733e-47 3.34733e-47 0
0.00897437 1.66056e-47 1.66056e-47 0
0.0089817 8.20481e-48 8.20481e-48 0
0.00898902 4.03766e-48 4.03766e-48 0
0.00899634 1.97893e-48 1.97893e-48 0
0.00900366 9.65964e-49 9.65964e-49 0
0.00901098 4.69585e-49 4.69585e-49 0
0.0090183 2.27343e-49 2.27343e-49 0
0.00902563 1.0961e-49 1.0961e-49 0
0.00903295 5.26282e-50 5.26282e-50 0
0.00904027 2.51636e-50 2.51636e-50 0
0.00904759 1.19813e-50 1.19813e-50 0
0.00905491 5.68075e-51 5.68075e-51 0
0.00906223 2.68205e-51 2.68205e-51 0
0.00906955 1.2609e-51 1.2609e-51 0
0.00907688 5.9025e-52 5.9025e-52 0
0.0090842 2.75122e-52 2.75122e-52 0
0.00909152 1.27685e-52 1.27685e-52 0
0.00909884 5.90022e-53 5.90022e-53 0
0.00910616 2.71458e-53 2.71458e-53 0
0.00911348 1.24347e-53 1.24347e-53 0
0.00912081 5.67094e-54 5.67094e-54 0
0.00912813 2.57486e-54 2.57486e-54 0
0.00913545 1.16392e-54 1.16392e-54 0
0.00914277 5.23781e-55 5.23781e-55 0
0.00915009 2.34654e-55 2.34654e-55 0
0.00915741 1.04652e-55 1.04652e-55 0
0.00916473 4.64622e-56 4.64622e-56 0
0.00917206 2.0534e-56 2.0534e-56 0
0.00917938 9.0336e-57 9.0336e-57 0
0.0091867 3.95596e-57 3.95596e-57 0
0.00919402 1.72439e-57 1.72439e-57 0
0.00920134 7.48176e-58 7.48176e-58 0
0.00920866 3.23107e-58 3.23107e-58 0
0.00921599 1.38885e-58 1.38885e-58 0
0.00922331 5.9418e-59 5.9418e-59 0
0.00923063 2.53003e-59 2.53003e-59 0
0.00923795 1.07219e-59 1.07219e-59 0
0.00924527 4.52209e-60 4.52209e-60 0
0.00925259 1.89812e-60 1.89812e-60 0
0.00925991 7.92895e-61 7.92895e-61 0
0.00926724 3.29612e-61 3.29612e-61 0
0.00927456 1.36357e-61 1.36357e-61 0
0.00928188 5.61339e-62 5.61339e-62 0
0.0092892 2.29953e-62 2.29953e-62 0
0.00929652 9.37369e-63 9.37369e-63 0
0.00930384 3.80213e-63 3.80213e-63 0
0.00931117 1.53454e-63 1.53454e-63 0
0.00931849 6.16246e-64 6.16246e-64 0
0.00932581 2.46233e-64 2.46233e-64 0
0.00933313 9.78907e-65 9.78907e-65 0
0.00934045 3.87196e-65 3.87196e-65 0
0.00934777 1.52372e-65 1.52372e-65 0
0.00935509 5.96556e-66 5.96556e-66 0
0.00936242 2.3236e-66 2.3236e-66 0
0.00936974 9.00374e-67 9.00374e-67 0
0.00937706 3.47078e-67 3.47078e-67 0
0.00938438 1.33095e-67 1.33095e-67 0
0.0093917 5.07711e-68 5.07711e-68 0
0.00939902 1.92655e-68 1.92655e-68 0
0.00940635 7.27185e-69 7.27185e-69 0
0.00941367 2.73022e-69 2.73022e-69 0
0.00942099 1.01959e-69 1.01959e-69 0
0.00942831 3.78724e-70 3.78724e-70 0
0.00943563 1.39918e-70 1.39918e-70 0
0.00944295 5.14128e-71 5.14128e-71 0
0.00945027 1.87889e-71 1.87889e-71 0
0.0094576 6.82896e-72 6.82896e-72 0
0.00946492 2.46842e-72 2.46842e-72 0
0.00947224 8.87327e-73 8.87327e-73 0
0.00947956 3.17204e-73 3.17204e-73 0
0.00948688 1.12764e-73 1.12764e-73 0
0.0094942 3.9863e-74 3.9863e-74 0
0.00950153 1.40128e-74 1.40128e-74 0
0.00950885 4.89807e-75 4.89807e-75 0
0.00951617 1.70238e-75 1.70238e-75 0
0.00952349 5.88316e-76 5.88316e-76 0
0.00953081 2.0215e-76 2.0215e-76 0
0.00953813 6.90616e-77 6.90616e-77 0
0.00954545 2.34577e-77 2.34577e-77 0
0.00955278 7.92156e-78 7.92156e-78 0
0.0095601 2.6595e-78 2.6595e-78 0
0.00956742 8.87646e-79 8.87646e-79 0
0.00957474 2.94524e-79 2.94524e-79 0
0.00958206 9.71471e-80 9.71471e-80 0
0.00958938 3.18534e-80 3.18534e-80 0
0.00959671 1.03821e-80 1.03821e-80 0
0.00960403 3.36365e-81 3.36365e-81 0
0.00961135 1.08322e-81 1.08322e-81 0
0.00961867 3.46728e-82 3.46728e-82 0
0.00962599 1.10311e-82 1.10311e-82 0
0.00963331 3.48815e-83 3.48815e-83 0
0.00964063 1.09624e-83 1.09624e-83 0
0.00964796 3.42399e-84 3.42399e-84 0
0.00965528 1.06284e-84 1.06284e-84 0
0.0096626 3.27871e-85 3.27871e-85 0
0.00966992 1.00512e-85 1.00512e-85 0
0.00967724 3.06202e-86 3.06202e-86 0
0.00968456 9.26946e-87 9.26946e-87 0
0.00969189 2.78835e-87 2.78835e-87 0
0.00969921 8.33441e-88 8.33441e-88 0
0.00970653 2.47528e-88 2.47528e-88 0
0.00971385 7.30434e-89 7.30434e-89 0
0.00972117 2.14158e-89 2.14158e-89 0
0.00972849 6.23837e-90 6.23837e-90 0
0.00973581 1.80542e-90 1.80542e-90 0
0.00974314 5.19091e-91 5.19091e-91 0
0.00975046 1.4827e-91 1.4827e-91 0
0.00975778 4.20723e-92 4.20723e-92 0
0.0097651 1.18593e-92 1.18593e-92 0
0.00977242 3.32067e-93 3.32067e-93 0
0.00977974 9.23604e-94 9.23604e-94 0
0.00978707 2.55168e-94 2.55168e-94 0
0.00979439 7.00219e-95 7.00219e-95 0
0.00980171 1.90851e-95 1.90851e-95 0
0.00980903 5.16651e-96 5.16651e-96 0
0.00981635 1.38908e-96 1.38908e-96 0
0.00982367 3.7091e-97 3.7091e-97 0
0.00983099 9.83584e-98 9.83584e-98 0
0.00983832 2.59025e-98 2.59025e-98 0
0.00984564 6.77399e-99 6.77399e-99 0
0.00985296 1.75917e-99 1.75917e-99 0
0.00986028 4.53647e-100 4.53647e-100 0
0.0098676 1.16161e-100 1.16161e-100 0
0.00987492 2.9534e-101 2.9534e-101 0
0.00988225 7.45571e-102 7.45571e-102 0
0.00988957 1.86873e-102 1.86873e-102 0
0.00989689 4.65032e-103 4.65032e-103 0
0.00990421 1.1489e-103 1.1489e-103 0
0.00991153 2.81794e-104 2.81794e-104 0
0.00991885 6.86148e-105 6.86148e-105 0
0.00992617 1.65854e-105 1.65854e-105 0
0.0099335 3.9796e-106 3.9796e-106 0
0.00994082 9.47868e-107 9.47868e-107 0
0.00994814 2.24097e-107 2.24097e-107 0
0.00995546 5.25882e-108 5.25882e-108 0
0.00996278 1.22487e-108 1.22487e-108 0
0.0099701 2.8316e-109 2.8316e-109 0
0.00997743 6.4967e-110 6.4967e-110 0
0.00998475 1.47932e-110 1.47932e-110 0
0.00999207 3.34291e-111 3.34291e-111 0
0.00999939 7.49661e-112 7.49661e-112 0
0.0100067 1.66828e-112 1.66828e-112 0
0.010014 3.68402e-113 3.68402e-113 0
0.0100214 8.07253e-114 8.07253e-114 0
0.0100287 1.75516e-114 1.75516e-114 0
0.010036 3.78642e-115 3.78642e-115 0
0.0100433 8.10458e-116 8.10458e-116 0
0.0100506 1.7211e-116 1.7211e-116 0
0.010058 3.62613e-117 3.62613e-117 0
0.0100653 7.57922e-118 7.57922e-118 0
0.0100726 1.57158e-118 1.57158e-118 0
0.0100799 3.23266e-119 3.23266e-119 0
0.0100872 6.59607e-120 6.59607e-120 0
0.0100946 1.33504e-120 1.33504e-120 0
0.0101019 2.68022e-121 2.68022e-121 0
0.0101092 5.33704e-122 5.33704e-122 0
0.0101165 1.05407e-122 1.05407e-122 0
0.0101239 2.06471e-123 2.06471e-123 0
0.0101312 4.01103e-124 4.01103e-124 0
0.0101385 7.72759e-125 7.72759e-125 0
0.0101458 1.47641e-125 1.47641e-125 0
0.0101531 2.79725e-126 2.79725e-126 0
0.0101605 5.25531e-127 5.25531e-127 0
0.0101678 9.79023e-128 9.79023e-128 0
0.0101751 1.80842e-128 1.80842e-128 0
0.0101824 3.3121e-129 3.3121e-129 0
0.0101897 6.01433e-130 6.01433e-130 0
0.0101971 1.08277e-130 1.08277e-130 0
0.0102044 1.93255e-131 1.93255e-131 0
0.0102117 3.41946e-132 3.41946e-132 0
0.010219 5.99792e-133 5.99792e-133 0
0.0102264 1.0429e-133 1.0429e-133 0
0.0102337 1.79749e-134 1.79749e-134 0
0.010241 3.07085e-135 3.07085e-135 0
0.0102483 5.19995e-136 5.19995e-136 0
0.0102556 8.72718e-137 8.72718e-137 0
0.010263 1.45166e-137 1.45166e-137 0
0.0102703 2.39307e-138 2.39307e-138 0
0.0102776 3.90959e-139 3.90959e-139 0
0.0102849 6.32954e-140 6.32954e-140 0
0.0102923 1.01546e-140 1.01546e-140 0
0.0102996 1.61431e-141 1.61431e-141 0
0.0103069 2.54288e-142 2.54288e-142 0
0.0103142 3.96885e-143 3.96885e-143 0
0.0103215 6.13741e-144 6.13741e-144 0
0.0103289 9.40308e-145 9.40308e-145 0
0.0103362 1.42726e-145 1.42726e-145 0
0.0103435 2.14618e-146 2.14618e-146 0
0.0103508 3.19698e-147 3.19698e-147 0
0.0103581 4.71749e-148 4.71749e-148 0
0.0103655 6.89541e-149 6.89541e-149 0
0.0103728 9.98319e-150 9.98319e-150 0
0.0103801 1.4316e-150 1.4316e-150 0
0.0103874 2.03329e-151 2.03329e-151 0
0.0103948 2.86012e-152 2.86012e-152 0
0.0104021 3.98436e-153 3.98436e-153 0
0.0104094 5.49674e-154 5.49674e-154 0
0.0104167 7.50941e-155 7.50941e-155 0
0.010424 1.01588e-155 1.01588e-155 0
0.0104314 1.36081e-156 1.36081e-156 0
0.0104387 1.8049e-157 1.8049e-157 0
0.010446 2.37023e-158 2.37023e-158 0
0.0104533 3.0817e-159 3.08171e-159 0
0.0104606 3.9668e-160 3.96677e-160 0
0.010468 5.05403e-161 5.05488e-161 0
0.0104753 6.28691e-162 6.37665e-162 0
0.0104826 0 7.96278e-163 0
0.0104899 0 9.84258e-164 0
0.0104973 0 1.20422e-164 0
0.0105046 0 1.45827e-165 0
0.0105119 0 1.74777e-166 0
0.0105192 0 2.07314e-167 0
0.0105265 0 2.43362e-168 0
0.0105339 0 2.82705e-169 0
0.0105412 0 3.24979e-170 0
0.0105485 0 3.69657e-171 0
0.0105558 0 4.16049e-172 0
0.0105631 0 4.6331e-173 0
0.0105705 0 5.10462e-174 0
0.0105778 0 5.56416e-175 0
0.0105851 0 6.00013e-176 0
0.0105924 0 6.4007e-177 0
0.0105998 0 6.75429e-178 0
0.0106071 0 7.05015e-179 0
0.0106144 0 7.27887e-180 0
0.0106217 0 7.43287e-181 0
0.010629 0 7.50682e-182 0
0.0106364 0 7.49797e-183 0
0.0106437 0 7.40624e-184 0
0.010651 0 7.23436e-185 0
0.0106583 0 6.98762e-186 0
0.0106656 0 6.67369e-187 0
0.010673 0 6.30217e-188 0
0.0106803 0 5.88411e-189 0
0.0106876 0 5.43147e-190 0
0.0106949 0 4.95656e-191 0
0.0107023 0 4.47146e-192 0
0.0107096 0 3.98752e-193 0
0.0107169 0 3.51497e-194 0
0.0107242 0 3.06255e-195 0
0.0107315 0 2.63735e-196 0
0.0107389 0 2.24468e-197 0
0.0107462 0 1.88809e-198 0
0.0107535 0 1.56946e-199 0
0.0107608 0 1.28919e-200 0
0.0107682 0 1.04641e-201 0
0.0107755 0 8.39239e-203 0
0.0107828 0 6.65034e-204 0
0.0107901 0 5.20662e-205 0
0.0107974 0 4.02718e-206 0
0.0108048 0 3.07721e-207 0
0.0108121 0 2.32276e-208 0
0.0108194 0 1.73188e-209 0
0.0108267 0 1.2755e-210 0
0.010834 0 9.27823e-212 0
0.0108414 0 6.66583e-213 0
0.0108487 0 4.72959e-214 0
0.010856 0 3.314e-215 0
0.0108633 0 2.29307e-216 0
0.0108707 0 1.56674e-217 0
0.010878 0 1.05699e-218 0
0.0108853 0 7.04067e-220 0
0.0108926 0 4.63026e-221 0
0.0108999 0 3.00622e-222 0
0.0109073 0 1.92682e-223 0
0.0109146 0 1.2191e-224 0
0.0109219 0 7.61373e-226 0
0.0109292 0 4.69343e-227 0
0.0109365 0 2.85558e-228 0
0.0109439 0 1.7147e-229 0
0.0109512 0 1.01613e-230 0
0.0109585 0 5.94224e-232 0
0.0109658 0 3.42904e-233 0
0.0109732 0 1.95251e-234 0
0.0109805 0 1.09695e-235 0
0.0109878 0 6.08035e-237 0
0.0109951 0 3.32506e-238 0
0.0110024 0 1.79379e-239 0
0.0110098 0 9.54608e-241 0
0.0110171 0 5.01111e-242 0
0.0110244 0 2.59462e-243 0
0.0110317 0 1.32502e-244 0
0.011039 0 6.67356e-246 0
0.0110464 0 3.31475e-247 0
0.0110537 0 1.62361e-248 0
0.011061 0 7.84195e-250 0
0.0110683 0 3.73469e-251 0
0.0110757 0 1.75367e-252 0
0.011083 0 8.11862e-254 0
0.0110903 0 3.70536e-255 0
0.0110976 0 1.66713e-256 0
0.0111049 0 7.39388e-258 0
0.0111123 0 3.23234e-259 0
0.0111196 0 1.39277e-260 0
0.0111269 0 5.91467e-262 0
0.0111342 0 2.47542e-263 0
0.0111415 0 1.02096e-264 0
0.0111489 0 4.14938e-266 0
0.0111562 0 1.66169e-267 0
0.0111635 0 6.55664e-269 0
0.0111708 0 2.5489e-270 0
0.0111782 0 9.76202e-272 0
0.0111855 0 3.68311e-273 0
0.0111928 0 1.36885e-274 0
0.0112001 0 5.01108e-276 0
0.0112074 0 1.80684e-277 0
0.0112148 0 6.41646e-279 0
0.0112221 0 2.24404e-280 0
0.0112294 0 7.72858e-282 0
0.0112367 0 2.62106e-283 0
0.0112441 0 8.75258e-285 0
0.0112514 0 2.87773e-286 0
0.0112587 0 9.31524e-288 0
0.011266 0 2.96852e-289 0
0.0112733 0 9.31242e-291 0
0.0112807 0 2.87564e-292 0
0.011288 0 8.74033e-294 0
0.0112953 0 2.61467e-295 0
0.0113026 0 7.69797e-297 0
0.0113099 0 2.23037e-298 0
0.0113173 0 6.35905e-300 0
0.0113246 0 1.784e-301 0
0.0113319 0 4.92445e-303 0
0.0113392 0 1.33738e-304 0
0.0113466 0 3.57319e-306 0
0.0113539 0 9.39152e-308 0
0.0113612 0 2.4281e-309 0
0.0113685 0 6.17474e-311 0
0.0113758 0 1.54442e-312 0
0.0113832 0 3.7991e-314 0
0.0113905 0 9.19041e-316 0
0.0113978 0 2.18625e-317 0
0.0114051 0 5.11383e-319 0
0.0114124 0 1.17588e-320 0
0.0114198 0 2.66795e-322 0
0.0114271 0 4.94066e-324 0
0.0114344 0 0 0
0.0114417 0 0 0
0.0114491 0 0 0
0.0114564 0 0 0
0.0114637 0 0 0
0.011471 0 0 0
0.0114783 0 0 0
0.0114857 0 0 0
0.011493 0 0 0
0.0115003 0 0 0
0.0115076 0 0 0
0.0115149 0 0 0
0.0115223 0 0 0
0.0115296 0 0 0
0.0115369 0 0 0
0.0115442 0 0 0
0.0115516 0 0 0
0.0115589 0 0 0
0.0115662 0 0 0
0.0115735 0 0 0
0.0115808 0 0 0
0.0115882 0 0 0
0.0115955 0 0 0
0.0116028 0 0 0
0.0116101 0 0 0
0.0116174 0 0 0
0.0116248 0 0 0
0.0116321 0 0 0
0.0116394 0 0 0
0.0116467 0 0 0
0.0116541 0 0 0
0.0116614 0 0 0
0.0116687 0 0 0
0.011676 0 0 0
0.0116833 0 0 0
0.0116907 0 0 0
0.011698 0 0 0
0.0117053 0 0 0
0.0117126 0 0 0
0.01172 0 0 0
0.0117273 0 0 0
0.0117346 0 0 0
0.0117419 0 0 0
0.0117492 0 0 0
0.0117566 0 0 0
0.0117639 0 0 0
0.0117712 0 0 0
0.0117785 0 0 0
0.0117858 0 0 0
0.0117932 0 0 0
0.0118005 0 0 0
0.0118078 0 0 0
0.0118151 0 0 0
0.0118225 0 0 0
0.0118298 0 0 0
0.0118371 0 0 0
0.0118444 0 0 0
0.0118517 0 0 0
0.0118591 0 0 0
0.0118664 0 0 0
0.0118737 0 0 0
0.011881 0 0 0
0.0118883 0 0 0
0.0118957 0 0 0
0.011903 0 0 0
0.0119103 0 0 0
0.0119176 0 0 0
0.011925 0 0 0
0.0119323 0 0 0
0.0119396 0 0 0
0.0119469 0 0 0
0.0119542 0 0 0
0.0119616 0 0 0
0.0119689 0 0 0
0.0119762 0 0 0
0.0119835 0 0 0
0.0119908 0 0 0
0.0119982 0 0 0
0.0120055 0 0 0
0.0120128 0 0 0
0.0120201 0 0 0
0.0120275 0 0 0
0.0120348 0 0 0
0.0120421 0 0 0
0.0120494 0 0 0
0.0120567 0 0 0
0.0120641 0 0 0
0.0120714 0 0 0
0.0120787 0 0 0
0.012086 0 0 0
0.0120933 0 0 0
0.0121007 0 0 0
0.012108 0 0 0
0.0121153 0 0 0
0.0121226 0 0 0
0.01213 0 0 0
0.0121373 0 0 0
0.0121446 0 0 0
0.0121519 0 0 0
0.0121592 0 0 0
0.0121666 0 0 0
0.0121739 0 0 0
0.0121812 0 0 0
0.0121885 0 0 0
0.0121959 0 0 0
0.0122032 0 0 0
0.0122105 0 0 0
0.0122178 0 0 0
0.0122251 0 0 0
0.0122325 0 0 0
0.0122398 0 0 0
0.0122471 0 0 0
0.0122544 0 0 0
0.0122617 0 0 0
0.0122691 0 0 0
0.0122764 0 0 0
0.0122837 0 0 0
0.012291 0 0 0
0.0122984 0 0 0
0.0123057 0 0 0
0.012313 0 0 0
0.0123203 0 0 0
0.0123276 0 0 0
0.012335 0 0 0
0.0123423 0 0 0
0.0123496 0 0 0
0.0123569 0 0 0
0.0123642 0 0 0
0.0123716 0 0 0
0.0123789 0 0 0
0.0123862 0 0 0
0.0123935 0 0 0
0.0124009 0 0 0
0.0124082 0 0 0
0.0124155 0 0 0
0.0124228 0 0 0
0.0124301 0 0 0
0.0124375 0 0 0
0.0124448 0 0 0
0.0124521 0 0 0
0.0124594 0 0 0
0.0124667 0 0 0
0.0124741 0 0 0
0.0124814 0 0 0
0.0124887 0 0 0
0.012496 0 0 0
0.0125034 0 0 0
0.0125107 0 0 0
0.012518 0 0 0
0.0125253 0 0 0
0.0125326 0 0 0
0.01254 0 0 0
0.0125473 0 0 0
0.0125546 0 0 0
0.0125619 0 0 0
0.0125692 0 0 0
0.0125766 0 0 0
0.0125839 0 0 0
0.0125912 0 0 0
0.0125985 0 0 0
0.0126059 0 0 0
0.0126132 0 0 0
0.0126205 0 0 0
0.0126278 0 0 0
0.0126351 0 0 0
0.0126425 0 0 0
0.0126498 0 0 0
0.0126571 0 0 0
0.0126644 0 0 0
0.0126718 0 0 0
0.0126791 0 0 0
0.0126864 0 0 0
0.0126937 0 0 0
0.012701 0 0 0
0.0127084 0 0 0
0.0127157 0 0 0
0.012723 0 0 0
0.0127303 0 0 0
0.0127376 0 0 0
0.012745 0 0 0
0.0127523 0 0 0
0.0127596 0 0 0
0.0127669 0 0 0
0.0127743 0 0 0
0.0127816 0 0 0
0.0127889 0 0 0
0.0127962 0 0 0
0.0128035 0 0 0
0.0128109 0 0 0
0.0128182 0 0 0
0.0128255 0 0 0
0.0128328 0 0 0
0.0128401 0 0 0
0.0128475 0 0 0
0.0128548 0 0 0
0.0128621 0 0 0
0.0128694 0 0 0
0.0128768 0 0 0
0.0128841 0 0 0
0.0128914 0 0 0
0.0128987 0 0 0
0.012906 0 0 0
0.0129134 0 0 0
0.0129207 0 0 0
0.012928 0 0 0
0.0129353 0 0 0
0.0129426 0 0 0
0.01295 0 0 0
0.0129573 0 0 0
0.0129646 0 0 0
0.0129719 0 0 0
0.0129793 0 0 0
0.0129866 0 0 0
0.0129939 0 0 0
0.0130012 0 0 0
0.0130085 0 0 0
0.0130159 0 0 0
0.0130232 0 0 0
0.0130305 0 0 0
0.0130378 0 0 0
0.0130451 0 0 0
0.0130525 0 0 0
0.0130598 0 0 0
0.0130671 0 0 0
0.0130744 0 0 0
0.0130818 0 0 0
0.0130891 0 0 0
0.0130964 0 0 0
0.0131037 0 0 0
0.013111 0 0 0
0.0131184 0 0 0
0.0131257 0 0 0
0.013133 0 0 0
0.0131403 0 0 0
0.0131477 0 0 0
0.013155 0 0 0
0.0131623 0 0 0
0.0131696 0 0 0
0.0131769 0 0 0
0.0131843 0 0 0
0.0131916 0 0 0
0.0131989 0 0 0
0.0132062 0 0 0
0.0132135 0 0 0
0.0132209 0 0 0
0.0132282 0 0 0
0.0132355 0 0 0
0.0132428 0 0 0
0.0132502 0 0 0
0.0132575 0 0 0
0.0132648 0 0 0
0.0132721 0 0 0
0.0132794 0 0 0
0.0132868 0 0 0
0.0132941 0 0 0
0.0133014 0 0 0
0.0133087 0 0 0
0.013316 0 0 0
0.0133234 0 0 0
0.0133307 0 0 0
0.013338 0 0 0
0.0133453 0 0 0
0.0133527 0 0 0
0.01336 0 0 0
0.0133673 0 0 0
0.0133746 0 0 0
0.0133819 0 0 0
0.0133893 0 0 0
0.0133966 0 0 0
0.0134039 0 0 0
0.0134112 0 0 0
0.0134185 0 0 0
0.0134259 0 0 0
0.0134332 0 0 0
0.0134405 0 0 0
0.0134478 0 0 0
0.0134552 0 0 0
0.0134625 0 0 0
0.0134698 0 0 0
0.0134771 0 0 0
0.0134844 0 0 0
0.0134918 0 0 0
0.0134991 0 0 0
0.0135064 0 0 0
0.0135137 0 0 0
0.013521 0 0 0
0.0135284 0 0 0
0.0135357 0 0 0
0.013543 0 0 0
0.0135503 0 0 0
0.0135577 0 0 0
0.013565 0 0 0
0.0135723 0 0 0
0.0135796 0 0 0
0.0135869 0 0 0
0.0135943 0 0 0
0.0136016 0 0 0
0.0136089 0 0 0
0.0136162 0 0 0
0.0136236 0 0 0
0.0136309 0 0 0
0.0136382 0 0 0
0.0136455 0 0 0
0.0136528 0 0 0
0.0136602 0 0 0
0.0136675 0 0 0
0.0136748 0 0 0
0.0136821 0 0 0
0.0136894 0 0 0
0.0136968 0 0 0
0.0137041 0 0 0
0.0137114 0 0 0
0.0137187 0 0 0
0.0137261 0 0 0
0.0137334 0 0 0
0.0137407 0 0 0
0.013748 0 0 0
0.0137553 0 0 0
0.0137627 0 0 0
0.01377 0 0 0
0.0137773 0 0 0
0.0137846 0 0 0
0.0137919 0 0 0
0.0137993 0 0 0
0.0138066 0 0 0
0.0138139 0 0 0
0.0138212 0 0 0
0.0138286 0 0 0
0.0138359 0 0 0
0.0138432 0 0 0
0.0138505 0 0 0
0.0138578 0 0 0
0.0138652 0 0 0
0.0138725 0 0 0
0.0138798 0 0 0
0.0138871 0 0 0
0.0138944 0 0 0
0.0139018 0 0 0
0.0139091 0 0 0
0.0139164 0 0 0
0.0139237 0 0 0
0.0139311 0 0 0
0.0139384 0 0 0
0.0139457 0 0 0
0.013953 0 0 0
0.0139603 0 0 0
0.0139677 0 0 0
0.013975 0 0 0
0.0139823 0 0 0
0.0139896 0 0 0
0.0139969 0 0 0
0.0140043 0 0 0
0.0140116 0 0 0
0.0140189 0 0 0
0.0140262 0 0 0
0.0140336 0 0 0
0.0140409 0 0 0
0.0140482 0 0 0
0.0140555 0 0 0
0.0140628 0 0 0
0.0140702 0 0 0
0.0140775 0 0 0
0.0140848 0 0 0
0.0140921 0 0 0
0.0140995 0 0 0
0.0141068 0 0 0
0.0141141 0 0 0
0.0141214 0 0 0
0.0141287 0 0 0
0.0141361 0 0 0
0.0141434 0 0 0
0.0141507 0 0 0
0.014158 0 0 0
0.0141653 0 0 0
0.0141727 0 0 0
0.01418 0 0 0
0.0141873 0 0 0
0.0141946 0 0 0
0.014202 0 0 0
0.0142093 0 0 0
0.0142166 0 0 0
0.0142239 0 0 0
0.0142312 0 0 0
0.0142386 0 0 0
0.0142459 0 0 0
0.0142532 0 0 0
0.0142605 0 0 0
0.0142678 0 0 0
0.0142752 0 0 0
0.0142825 0 0 0
0.0142898 0 0 0
0.0142971 0 0 0
0.0143045 0 0 0
0.0143118 0 0 0
0.0143191 0 0 0
0.0143264 0 0 0
0.0143337 0 0 0
0.0143411 0 0 0
0.0143484 0 0 0
0.0143557 0 0 0
0.014363 0 0 0
0.0143703 0 0 0
0.0143777 0 0 0
0.014385 0 0 0
0.0143923 0 0 0
0.0143996 0 0 0
0.014407 0 0 0
0.0144143 0 0 0
0.0144216 0 0 0
0.0144289 0 0 0
0.0144362 0 0 0
0.0144436 0 0 0
0.0144509 0 0 0
0.0144582 0 0 0
0.0144655 0 0 0
0.0144728 0 0 0
0.0144802 0 0 0
0.0144875 0 0 0
0.0144948 0 0 0
0.0145021 0 0 0
0.0145095 0 0 0
0.0145168 0 0 0
0.0145241 0 0 0
0.0145314 0 0 0
0.0145387 0 0 0
0.0145461 0 0 0
0.0145534 0 0 0
0.0145607 0 0 0
0.014568 0 0 0
0.0145754 0 0 0
0.0145827 0 0 0
0.01459 0 0 0
0.0145973 0 0 0
0.0146046 0 0 0
0.014612 0 0 0
0.0146193 0 0 0
0.0146266 0 0 0
0.0146339 0 0 0
0.0146412 0 0 0
0.0146486 0 0 0
0.0146559 0 0 0
0.0146632 0 0 0
0.0146705 0 0 0
0.0146779 0 0 0
0.0146852 0 0 0
0.0146925 0 0 0
0.0146998 0 0 0
0.0147071 0 0 0
0.0147145 0 0 0
0.0147218 0 0 0
0.0147291 0 0 0
0.0147364 0 0 0
0.0147437 0 0 0
0.0147511 0 0 0
0.0147584 0 0 0
0.0147657 0 0 0
0.014773 0 0 0
0.0147804 0 0 0
0.0147877 0 0 0
0.014795 0 0 0
0.0148023 0 0 0
0.0148096 0 0 0
0.014817 0 0 0
0.0148243 0 0 0
0.0148316 0 0 0
0.0148389 0 0 0
0.0148462 0 0 0
0.0148536 0 0 0
0.0148609 0 0 0
0.0148682 0 0 0
0.0148755 0 0 0
0.0148829 0 0 0
0.0148902 0 0 0
0.0148975 0 0 0
0.0149048 0 0 0
0.0149121 0 0 0
0.0149195 0 0 0
0.0149268 0 0 0
0.0149341 0 0 0
0.0149414 0 0 0
0.0149487 0 0 0
0.0149561 0 0 0
0.0149634 0 0 0
0.0149707 0 0 0
0.014978 0 0 0
0.0149854 0 0 0
0.0149927 0 0 0
