160.322 1 0.93329 -0.359123
368.005 1 0.933191 -0.359381
576.915 1 0.933012 -0.359845
786.102 1 0.932753 -0.360515
995.395 1 0.932414 -0.361391
1204.74 1 0.931995 -0.362472
1414.11 1 0.931493 -0.363759
1623.5 1 0.930909 -0.365251
1832.9 1 0.930242 -0.366947
2042.31 1 0.92949 -0.368848
2251.72 1 0.928652 -0.370952
2461.14 1 0.927727 -0.373259
2670.56 1 0.926713 -0.375769
2879.99 1 0.925609 -0.37848
3089.41 1 0.924413 -0.381393
3298.84 1 0.923123 -0.384506
3508.27 1 0.921736 -0.387818
3717.7 1 0.920251 -0.391328
3927.13 1 0.918666 -0.395036
4136.56 1 0.916977 -0.39894
4346 1 0.915183 -0.403039
4555.43 1 0.91328 -0.407331
4764.87 1 0.911267 -0.411816
4974.3 1 0.909139 -0.416492
5183.74 1 0.906895 -0.421358
5393.17 1 0.90453 -0.426411
5602.61 1 0.902041 -0.43165
5812.04 1 0.899426 -0.437074
6021.48 1 0.89668 -0.442679
6230.91 1 0.8938 -0.448465
6440.35 1 0.890783 -0.454429
6649.79 1 0.887624 -0.460569
6859.22 1 0.884319 -0.466883
7068.66 1 0.880865 -0.473367
7278.1 1 0.877258 -0.48002
7487.54 1 0.873492 -0.486838
7696.97 1 0.869565 -0.493819
7906.41 1 0.865471 -0.500959
8115.85 1 0.861206 -0.508256
8325.29 1 0.856766 -0.515705
8534.73 1 0.852146 -0.523305
8744.16 1 0.847341 -0.53105
8953.6 1 0.842346 -0.538937
9163.04 1 0.837158 -0.546962
9372.48 1 0.83177 -0.555121
9581.92 1 0.826178 -0.563409
9791.35 1 0.820377 -0.571823
10000.8 1 0.814363 -0.580356
10210.2 1 0.808129 -0.589005
10419.7 1 0.801672 -0.597765
10629.1 1 0.794985 -0.606629
10838.5 1 0.788065 -0.615592
11048 1 0.780906 -0.624649
11257.4 1 0.773502 -0.633794
11466.9 1 0.765849 -0.64302
11676.3 1 0.757942 -0.652321
11885.7 1 0.749776 -0.661691
12095.2 1 0.741346 -0.671123
12304.6 1 0.732647 -0.680609
12514.1 1 0.723674 -0.690142
12723.5 1 0.714423 -0.699714
12932.9 1 0.704888 -0.709319
13142.4 1 0.695065 -0.718947
13351.8 1 0.68495 -0.72859
13561.2 1 0.674538 -0.73824
13770.7 1 0.663824 -0.747889
13980.1 1 0.652806 -0.757526
14189.6 1 0.641477 -0.767142
14399 1 0.629836 -0.776728
14608.4 1 0.617878 -0.786274
14817.9 1 0.605599 -0.79577
15027.3 1 0.592996 -0.805205
15236.8 1 0.580067 -0.814569
15446.2 1 0.566807 -0.82385
15655.6 1 0.553216 -0.833038
15865.1 1 0.539289 -0.842121
16074.5 1 0.525025 -0.851087
16284 1 0.510422 -0.859924
16493.4 1 0.495478 -0.868621
16702.8 1 0.480192 -0.877163
16912.3 1 0.464564 -0.88554
17121.7 1 0.448592 -0.893737
17331.2 1 0.432276 -0.901741
17540.6 1 0.415616 -0.90954
17750 1 0.398613 -0.917119
17959.5 1 0.381268 -0.924464
18168.9 1 0.363582 -0.931562
18378.3 1 0.345556 -0.938398
18587.8 1 0.327193 -0.944957
18797.2 1 0.308496 -0.951226
19006.7 1 0.289467 -0.957188
19216.1 1 0.27011 -0.96283
19425.5 1 0.250429 -0.968135
19635 1 0.23043 -0.973089
19844.4 1 0.210116 -0.977676
20053.9 1 0.189495 -0.981882
20263.3 1 0.168571 -0.985689
20472.7 1 0.147353 -0.989084
20682.2 1 0.125848 -0.99205
20891.6 1 0.104064 -0.994571
21101.1 1 0.082009 -0.996632
21310.5 1 0.0596936 -0.998217
21519.9 1 0.0371275 -0.999311
21729.4 1 0.0143215 -0.999897
21938.8 1 -0.00871292 -0.999962
22148.3 1 -0.0319635 -0.999489
22357.7 1 -0.0554175 -0.998463
22567.1 1 -0.0790612 -0.99687
22776.6 1 -0.10288 -0.994694
22986 1 -0.12686 -0.991921
23195.4 1 -0.150984 -0.988536
23404.9 1 -0.175235 -0.984527
23614.3 1 -0.199598 -0.979878
23823.8 1 -0.224053 -0.974577
24033.2 1 -0.248582 -0.968611
24242.6 1 -0.273165 -0.961967
24452.1 1 -0.297782 -0.954634
24661.5 1 -0.322411 -0.9466
24871 1 -0.347031 -0.937854
25080.4 1 -0.37162 -0.928385
25289.8 1 -0.396153 -0.918184
25499.3 1 -0.420608 -0.907243
25708.7 1 -0.444958 -0.895551
25918.2 1 -0.469179 -0.883103
26127.6 1 -0.493244 -0.869891
26337 1 -0.517126 -0.855909
26546.5 1 -0.540798 -0.841152
26755.9 1 -0.564232 -0.825616
26965.4 1 -0.587399 -0.809297
27174.8 1 -0.610269 -0.792194
27384.2 1 -0.632813 -0.774305
27593.7 1 -0.654999 -0.75563
27803.1 1 -0.676797 -0.73617
28012.6 1 -0.698175 -0.715927
28222 1 -0.719102 -0.694904
28431.4 1 -0.739545 -0.673107
28640.9 1 -0.759471 -0.650541
28850.3 1 -0.778848 -0.627213
29059.8 1 -0.797641 -0.603132
29269.2 1 -0.815819 -0.578308
29478.6 1 -0.833346 -0.552752
29688.1 1 -0.850189 -0.526478
29897.5 1 -0.866314 -0.4995
30106.9 1 -0.881688 -0.471833
30316.4 1 -0.896276 -0.443496
30525.8 1 -0.910046 -0.414507
30735.3 1 -0.922964 -0.384887
30944.7 1 -0.934996 -0.354659
31154.1 1 -0.94611 -0.323846
31363.6 1 -0.956273 -0.292475
31573 1 -0.965454 -0.260572
31782.5 1 -0.973622 -0.228167
31991.9 1 -0.980745 -0.19529
32201.3 1 -0.986795 -0.161975
32410.8 1 -0.991741 -0.128254
32620.2 1 -0.995557 -0.0941645
32829.7 1 -0.998214 -0.0597437
33039.1 1 -0.999687 -0.0250307
33248.5 1 -0.999951 0.00993342
33458 1 -0.998982 0.0451061
33667.4 1 -0.996759 0.0804433
33876.9 1 -0.993261 0.115899
34086.3 1 -0.988469 0.151426
34295.7 1 -0.982365 0.186976
34505.2 1 -0.974933 0.222497
34714.6 1 -0.966161 0.257939
34924.1 1 -0.956036 0.293249
35133.5 1 -0.944549 0.328372
35342.9 1 -0.931691 0.363252
35552.4 1 -0.917458 0.397832
35761.8 1 -0.901847 0.432056
35971.3 1 -0.884856 0.465864
36180.7 1 -0.866489 0.499197
36390.1 1 -0.846749 0.531993
36599.6 1 -0.825643 0.564193
36809 1 -0.803182 0.595733
37018.4 1 -0.779379 0.626553
37227.9 1 -0.754248 0.656589
37437.3 1 -0.72781 0.685779
37646.8 1 -0.700084 0.71406
37856.2 1 -0.671097 0.74137
38065.6 1 -0.640875 0.767645
38275.1 1 -0.609451 0.792824
38484.5 1 -0.576858 0.816844
38694 1 -0.543134 0.839646
38903.4 1 -0.50832 0.861169
39112.8 1 -0.472459 0.881353
39322.3 1 -0.435599 0.900141
39531.7 1 -0.397791 0.917476
39741.2 1 -0.359088 0.933304
39950.6 1 -0.319549 0.94757
40160 1 -0.279232 0.960224
40369.5 1 -0.238203 0.971215
40578.9 1 -0.196527 0.980498
40788.4 1 -0.154274 0.988028
40997.8 1 -0.111518 0.993762
41207.2 1 -0.0683334 0.997663
41416.7 1 -0.0247997 0.999692
41626.1 1 0.0190021 0.999819
41835.6 1 0.0629879 0.998014
42045 1 0.107071 0.994251
42254.4 1 0.151164 0.988509
42463.9 1 0.195174 0.980769
42673.3 1 0.239009 0.971017
42882.8 1 0.282574 0.959246
43092.2 1 0.325772 0.945448
43301.6 1 0.368506 0.929625
43511.1 1 0.410676 0.911781
43720.5 1 0.452182 0.891925
43929.9 1 0.492924 0.870073
44139.4 1 0.532798 0.846242
44348.8 1 0.571704 0.82046
44558.3 1 0.60954 0.792755
44767.7 1 0.646205 0.763164
44977.1 1 0.681596 0.731729
45186.6 1 0.715614 0.698496
45396 1 0.748161 0.663517
45605.5 1 0.779138 0.626852
45814.9 1 0.808451 0.588564
46024.3 1 0.836004 0.548723
46233.8 1 0.861708 0.507404
46443.2 1 0.885475 0.464687
46652.7 1 0.907218 0.42066
46862.1 1 0.926857 0.375414
47071.5 1 0.944314 0.329046
47281 1 0.959515 0.281658
47490.4 1 0.972391 0.233357
47699.9 1 0.982878 0.184257
47909.3 1 0.990917 0.134472
48118.7 1 0.996455 0.0841261
48328.2 1 0.999444 0.0333432
48537.6 1 0.999843 -0.017747
48747.1 1 0.997616 -0.0690113
48956.5 1 0.992736 -0.120313
49165.9 1 0.985182 -0.171513
49375.4 1 0.97494 -0.22247
49584.8 1 0.962003 -0.273037
49794.3 1 0.946375 -0.32307
50003.7 1 0.928064 -0.372421
50213.1 1 0.907089 -0.42094
50422.6 1 0.883475 -0.468478
50632 1 0.857259 -0.514886
50841.5 1 0.828483 -0.560014
51050.9 1 0.797201 -0.603713
51260.3 1 0.763474 -0.645838
51469.8 1 0.727372 -0.686243
51679.2 1 0.688974 -0.724786
51888.6 1 0.648369 -0.761326
52098.1 1 0.605653 -0.795729
52307.5 1 0.560932 -0.827862
52517 1 0.514321 -0.857598
52726.4 1 0.465942 -0.884815
52935.8 1 0.415927 -0.909398
53145.3 1 0.364414 -0.931237
53354.7 1 0.31155 -0.95023
53564.2 1 0.257489 -0.966281
53773.6 1 0.202394 -0.979304
53983 1 0.146431 -0.989221
54192.5 1 0.0897745 -0.995962
54401.9 1 0.0326054 -0.999468
54611.4 1 -0.0248916 -0.99969
54820.8 1 -0.0825266 -0.996589
55030.2 1 -0.140105 -0.990137
55239.7 1 -0.19743 -0.980317
55449.1 1 -0.254301 -0.967125
55658.6 1 -0.310516 -0.950568
55868 1 -0.365869 -0.930666
56077.4 1 -0.420157 -0.907451
56286.9 1 -0.473176 -0.880968
56496.3 1 -0.52472 -0.851275
56705.8 1 -0.574588 -0.818443
56915.2 1 -0.622581 -0.782555
57124.6 1 -0.668503 -0.743709
57334.1 1 -0.712161 -0.702016
57543.5 1 -0.753369 -0.657597
57753 1 -0.791947 -0.61059
57962.4 1 -0.82772 -0.561142
58171.8 1 -0.860522 -0.509413
58381.3 1 -0.890197 -0.455577
58590.7 1 -0.916595 -0.399816
58800.2 1 -0.939581 -0.342326
59009.6 1 -0.959028 -0.283312
59219 1 -0.974821 -0.222988
59428.5 1 -0.98686 -0.16158
59637.9 1 -0.995056 -0.0993186
59847.3 1 -0.999336 -0.0364449
60056.8 1 -0.999641 0.0267944
60266.2 1 -0.995929 0.0901466
60475.7 1 -0.988171 0.153354
60685.1 1 -0.976359 0.216155
60894.5 1 -0.960498 0.278286
61104 1 -0.940613 0.339481
61313.4 1 -0.916745 0.399473
61522.9 1 -0.888955 0.457995
61732.3 1 -0.857319 0.514785
61941.7 1 -0.821935 0.569581
62151.2 1 -0.782916 0.622127
62360.6 1 -0.740395 0.672172
62570.1 1 -0.694523 0.719471
62779.5 1 -0.645466 0.763789
62988.9 1 -0.59341 0.8049
63198.4 1 -0.538557 0.842589
63407.8 1 -0.481125 0.876652
63617.3 1 -0.421347 0.906899
63826.7 1 -0.359472 0.933156
64036.1 1 -0.295762 0.955262
64245.6 1 -0.230492 0.973074
64455 1 -0.163949 0.986469
64664.5 1 -0.0964302 0.99534
64873.9 1 -0.0282436 0.999601
65083.3 1 0.0402956 0.999188
65292.8 1 0.108865 0.994057
65502.2 1 0.177138 0.984186
65711.7 1 0.244781 0.969578
65921.1 1 0.311463 0.950258
66130.5 1 0.376848 0.926275
66340 1 0.440603 0.897702
66549.4 1 0.502399 0.864636
66758.9 1 0.56191 0.827198
66968.3 1 0.618817 0.785535
67177.7 1 0.672809 0.739816
67387.2 1 0.723586 0.690234
67596.6 1 0.770859 0.637005
67806 1 0.814354 0.580368
68015.5 1 0.853811 0.520582
68224.9 1 0.888989 0.457929
68434.4 1 0.919663 0.392709
68643.8 1 0.945632 0.325239
68853.2 1 0.966715 0.255856
69062.7 1 0.982755 0.18491
69272.1 1 0.993621 0.112767
69481.6 1 0.999208 0.0398025
69691 1 0.999435 -0.033596
69900.4 1 0.994255 -0.107033
70109.9 1 0.983647 -0.180108
70319.3 1 0.967619 -0.252414
70528.8 1 0.946213 -0.323545
70738.2 1 0.919498 -0.393094
70947.6 1 0.887578 -0.460657
71157.1 1 0.850586 -0.525835
71366.5 1 0.808687 -0.588239
71576 1 0.762075 -0.647488
71785.4 1 0.710977 -0.703215
71994.8 1 0.655648 -0.755066
72204.3 1 0.596372 -0.802708
72413.7 1 0.53346 -0.845825
72623.2 1 0.467249 -0.884126
72832.6 1 0.398102 -0.917341
73042 1 0.326403 -0.945231
73251.5 1 0.252559 -0.967581
73460.9 1 0.176994 -0.984212
73670.4 1 0.100149 -0.994972
73879.8 1 0.0224807 -0.999747
74089.2 1 -0.0555447 -0.998456
74298.7 1 -0.133451 -0.991055
74508.1 1 -0.210756 -0.977539
74717.6 1 -0.286974 -0.957938
74927 1 -0.361621 -0.932325
75136.4 1 -0.434215 -0.900809
75345.9 1 -0.504281 -0.86354
75555.3 1 -0.571351 -0.820706
75764.8 1 -0.634974 -0.772533
75974.2 1 -0.694712 -0.719288
76183.6 1 -0.750148 -0.66127
76393.1 1 -0.800885 -0.598818
76602.5 1 -0.846555 -0.532302
76811.9 1 -0.886815 -0.462124
77021.4 1 -0.921357 -0.388717
77230.8 1 -0.949904 -0.312542
77440.3 1 -0.972216 -0.234085
77649.7 1 -0.988094 -0.153851
77859.1 1 -0.997378 -0.0723677
78068.6 1 -0.999952 0.0098232
78278 1 -0.995743 0.0921677
78487.5 1 -0.984727 0.174103
78696.9 1 -0.966925 0.255063
78906.3 1 -0.942404 0.334478
79115.8 1 -0.911282 0.411783
79325.2 1 -0.873724 0.486422
79534.7 1 -0.829943 0.557849
79744.1 1 -0.780198 0.625533
79953.5 1 -0.724797 0.688963
80163 1 -0.664089 0.747653
80372.4 1 -0.59847 0.801145
80581.9 1 -0.528374 0.849012
80791.3 1 -0.454273 0.890862
81000.7 1 -0.376679 0.926344
81210.2 1 -0.296131 0.955147
81419.6 1 -0.2132 0.977009
81629.1 1 -0.128482 0.991712
81838.5 1 -0.0425932 0.999092
82047.9 1 0.0438329 0.999039
82257.4 1 0.130151 0.991494
82466.8 1 0.215707 0.976458
82676.3 1 0.299847 0.953987
82885.7 1 0.381916 0.924197
83095.1 1 0.461271 0.887259
83304.6 1 0.537277 0.843406
83514 1 0.609322 0.792923
83723.5 1 0.676814 0.736154
83932.9 1 0.739191 0.673496
84142.3 1 0.795923 0.605397
84351.8 1 0.846521 0.532356
84561.2 1 0.890535 0.454915
84770.6 1 0.927566 0.373659
84980.1 1 0.957265 0.289212
85189.5 1 0.979338 0.202232
85399 1 0.993549 0.113403
85608.4 1 0.999725 0.0234355
85817.8 1 0.997757 -0.066943
86027.3 1 0.9876 -0.156993
86236.7 1 0.969278 -0.245967
86446.2 1 0.942884 -0.33312
86655.6 1 0.908579 -0.417712
86865 1 0.866594 -0.499015
87074.5 1 0.817224 -0.57632
87283.9 1 0.760836 -0.648944
87493.4 1 0.697858 -0.716236
87702.8 1 0.628779 -0.777584
87912.2 1 0.55415 -0.832417
88121.7 1 0.474574 -0.880215
88331.1 1 0.390706 -0.920516
88540.6 1 0.303243 -0.952913
88750 1 0.212927 -0.977068
88959.4 1 0.120531 -0.99271
89168.9 1 0.0268548 -0.999639
89378.3 1 -0.0672786 -0.997734
89587.8 1 -0.161034 -0.986949
89797.2 1 -0.253568 -0.967317
90006.6 1 -0.344041 -0.938954
90216.1 1 -0.431621 -0.902055
90425.5 1 -0.515492 -0.856895
90635 1 -0.594863 -0.803827
90844.4 1 -0.668975 -0.743285
91053.8 1 -0.737111 -0.675772
91263.3 1 -0.798597 -0.601866
91472.7 1 -0.852818 -0.522208
91682.2 1 -0.899217 -0.437503
91891.6 1 -0.937305 -0.34851
92101 1 -0.966667 -0.256037
92310.5 1 -0.986965 -0.160936
92519.9 1 -0.997944 -0.0640929
92729.3 1 -0.999436 0.0335801
92938.8 1 -0.991362 0.131152
93148.2 1 -0.973736 0.227681
93357.7 1 -0.946662 0.322228
93567.1 1 -0.910341 0.413859
93776.5 1 -0.865065 0.501661
93986 1 -0.811217 0.584746
94195.4 1 -0.74927 0.662264
94404.9 1 -0.679784 0.733412
94614.3 1 -0.603399 0.79744
94823.7 1 -0.52083 0.85366
95033.2 1 -0.432866 0.901458
95242.6 1 -0.340355 0.940297
95452.1 1 -0.244203 0.969724
95661.5 1 -0.145364 0.989378
95870.9 1 -0.0448278 0.998995
96080.4 1 0.0563863 0.998409
96289.8 1 0.157241 0.98756
96499.3 1 0.256691 0.966493
96708.7 1 0.353696 0.935361
96918.1 1 0.447227 0.894421
97127.6 1 0.536282 0.844039
97337 1 0.619897 0.784683
97546.5 1 0.697152 0.716923
97755.9 1 0.767187 0.641423
97965.3 1 0.82921 0.558938
98174.8 1 0.882505 0.470304
98384.2 1 0.926443 0.376435
98593.7 1 0.960491 0.27831
98803.1 1 0.984217 0.176965
99012.5 1 0.997296 0.0734831
99222 1 0.999519 -0.0310195
99431.4 1 0.990791 -0.135402
99640.9 1 0.971139 -0.238514
99850.3 1 0.940712 -0.339205
100060 1 0.899781 -0.436343
100269 1 0.848734 -0.528819
100479 1 0.788082 -0.61557
100688 1 0.718447 -0.695582
100897 1 0.640558 -0.76791
101107 1 0.555249 -0.831684
101316 1 0.463444 -0.886126
101526 1 0.366155 -0.930554
101735 1 0.264463 -0.964396
101945 1 0.159516 -0.987195
102154 1 0.0525087 -0.99862
102364 1 -0.0553276 -0.998468
102573 1 -0.162739 -0.986669
102782 1 -0.268462 -0.96329
102992 1 -0.371244 -0.928535
103201 1 -0.46985 -0.882746
103411 1 -0.563086 -0.826399
103620 1 -0.649806 -0.7601
103830 1 -0.728935 -0.684583
104039 1 -0.799476 -0.600698
104249 1 -0.860525 -0.509408
104458 1 -0.911287 -0.411772
104667 1 -0.951082 -0.30894
104877 1 -0.979358 -0.202135
105086 1 -0.995699 -0.0926425
105296 1 -0.999834 0.0182062
105505 1 -0.991638 0.12905
105715 1 -0.971139 0.238514
105924 1 -0.938519 0.345228
106133 1 -0.894114 0.44784
106343 1 -0.838411 0.545039
106552 1 -0.772045 0.635568
106762 1 -0.695792 0.718243
106971 1 -0.610563 0.791968
107181 1 -0.517391 0.855749
107390 1 -0.417422 0.908713
107600 1 -0.311901 0.950115
107809 1 -0.202156 0.979353
108018 1 -0.0895826 0.995979
108228 1 0.0243714 0.999703
108437 1 0.138227 0.990401
108647 1 0.250494 0.968118
108856 1 0.359685 0.933074
109066 1 0.464341 0.885656
109275 1 0.56305 0.826423
109485 1 0.654465 0.756092
109694 1 0.737323 0.675541
109903 1 0.810464 0.585789
110113 1 0.872848 0.487992
110322 1 0.923572 0.383424
110532 1 0.961882 0.273465
110741 1 0.987185 0.159579
110951 1 0.999062 0.0433012
111160 1 0.997274 -0.0737889
111369 1 0.981768 -0.190084
111579 1 0.952681 -0.303973
111788 1 0.910339 -0.413863
111998 1 0.855258 -0.518203
112207 1 0.788134 -0.615503
112417 1 0.709843 -0.70436
112626 1 0.621423 -0.783475
112836 1 0.524067 -0.851677
113045 1 0.419105 -0.907938
113254 1 0.307989 -0.95139
113464 1 0.192272 -0.981342
113673 1 0.0735876 -0.997289
113883 1 -0.0463729 -0.998924
114092 1 -0.165884 -0.986145
114302 1 -0.28321 -0.959058
114511 1 -0.396633 -0.917977
114720 1 -0.504475 -0.863426
114930 1 -0.605125 -0.79613
115139 1 -0.697063 -0.71701
115349 1 -0.778883 -0.627169
115558 1 -0.84932 -0.527879
115768 1 -0.907262 -0.420565
115977 1 -0.951778 -0.306786
116187 1 -0.982129 -0.188211
116396 1 -0.99778 -0.066595
116605 1 -0.998417 0.0562428
116815 1 -0.983949 0.178449
117024 1 -0.954515 0.298164
117234 1 -0.910482 0.413549
117443 1 -0.852446 0.522815
117653 1 -0.781225 0.62425
117862 1 -0.697844 0.71625
118072 1 -0.603528 0.797342
118281 1 -0.499684 0.866208
118490 1 -0.387878 0.921711
118700 1 -0.269815 0.962912
118909 1 -0.147315 0.98909
119119 1 -0.0222828 0.999752
119328 1 0.10332 0.994648
119538 1 0.227506 0.973777
119747 1 0.348291 0.937386
119956 1 0.46373 0.885977
120166 1 0.571945 0.820292
120375 1 0.671158 0.741315
120585 1 0.759722 0.650248
120794 1 0.836148 0.548504
121004 1 0.899131 0.43768
121213 1 0.947575 0.319534
121423 1 0.980612 0.195961
121632 1 0.997619 0.0689621
121841 1 0.998235 -0.05939
122051 1 0.982364 -0.186981
122260 1 0.950184 -0.311691
122470 1 0.902147 -0.43143
122679 1 0.838973 -0.544173
122889 1 0.761644 -0.647995
123098 1 0.671387 -0.741107
123308 1 0.569658 -0.821882
123517 1 0.458121 -0.88889
123726 1 0.338619 -0.940924
123936 1 0.213149 -0.97702
124145 1 0.0838254 -0.99648
124355 1 -0.0471527 -0.998888
124564 1 -0.177539 -0.984114
124774 1 -0.305079 -0.952327
124983 1 -0.427548 -0.903993
125192 1 -0.542791 -0.839868
125402 1 -0.648761 -0.760992
125611 1 -0.743558 -0.668672
125821 1 -0.82546 -0.564461
126030 1 -0.89296 -0.450136
126240 1 -0.944793 -0.327668
126449 1 -0.979961 -0.199189
126659 1 -0.997756 -0.0669552
126868 1 -0.997774 0.0666913
127077 1 -0.979926 0.199363
127287 1 -0.944444 0.328671
127496 1 -0.891883 0.452267
127706 1 -0.823107 0.567886
127915 1 -0.739286 0.673391
128125 1 -0.641872 0.766812
128334 1 -0.532578 0.846381
128544 1 -0.41335 0.910572
128753 1 -0.28633 0.958131
128962 1 -0.153825 0.988098
129172 1 -0.0182599 0.999833
129381 1 0.117863 0.99303
129591 1 0.25201 0.967725
129800 1 0.381665 0.924301
130010 1 0.504375 0.863485
130219 1 0.617799 0.786336
130428 1 0.719751 0.694232
130638 1 0.808247 0.588844
130847 1 0.88154 0.47211
131057 1 0.938161 0.346198
131266 1 0.976949 0.213473
131476 1 0.997074 0.0764453
131685 1 0.998059 -0.0622692
131895 1 0.979795 -0.200002
132104 1 0.942544 -0.334082
132313 1 0.886938 -0.461889
132523 1 0.813973 -0.580903
132732 1 0.724993 -0.688756
132942 1 0.621666 -0.783282
133151 1 0.505958 -0.862558
133361 1 0.380091 -0.924949
133570 1 0.246508 -0.969141
133779 1 0.107826 -0.99417
133989 1 -0.0332187 -0.999448
134198 1 -0.173819 -0.984778
134408 1 -0.311156 -0.950359
134617 1 -0.442454 -0.896791
134827 1 -0.565037 -0.825066
135036 1 -0.676385 -0.736548
135246 1 -0.774187 -0.632956
135455 1 -0.856391 -0.516328
135664 1 -0.921244 -0.388985
135874 1 -0.96734 -0.253483
136083 1 -0.993644 -0.112569
136293 1 -0.999523 0.0308784
136502 1 -0.984762 0.173907
136712 1 -0.949571 0.313551
136921 1 -0.894589 0.446889
137131 1 -0.820871 0.571113
137340 1 -0.729874 0.683581
137549 1 -0.623429 0.78188
137759 1 -0.503704 0.863876
137968 1 -0.373168 0.927764
138178 1 -0.234535 0.972108
138387 1 -0.0907128 0.995877
138597 1 0.0552573 0.998472
138806 1 0.200266 0.979742
139015 1 0.341202 0.93999
139225 1 0.475015 0.879978
139434 1 0.598789 0.800907
139644 1 0.709802 0.704402
139853 1 0.805587 0.592477
140063 1 0.883993 0.4675
140272 1 0.943231 0.332137
140482 1 0.981918 0.189307
140691 1 0.999113 0.0421106
140900 1 0.994342 -0.106231
141110 1 0.967611 -0.252446
141319 1 0.919416 -0.393286
141529 1 0.850732 -0.5256
141738 1 0.762997 -0.646402
141948 1 0.658089 -0.75294
142157 1 0.538282 -0.842765
142367 1 0.406203 -0.913783
142576 1 0.264777 -0.96431
142785 1 0.117159 -0.993113
142995 1 -0.0333295 -0.999444
143204 1 -0.183279 -0.983061
143414 1 -0.329268 -0.944237
143623 1 -0.467938 -0.883761
143833 1 -0.596076 -0.802928
144042 1 -0.710687 -0.703508
144251 1 -0.809068 -0.587714
144461 1 -0.888872 -0.458156
144670 1 -0.948165 -0.317779
144880 1 -0.985478 -0.169805
145089 1 -0.999844 -0.0176563
145299 1 -0.990829 0.135124
145508 1 -0.958542 0.284951
145718 1 -0.903644 0.428285
145927 1 -0.827333 0.561711
146136 1 -0.731325 0.682029
146346 1 -0.617816 0.786323
146555 1 -0.489433 0.872041
146765 1 -0.349181 0.937055
146974 1 -0.200367 0.979721
147184 1 -0.0465304 0.998917
147393 1 0.108644 0.994081
147602 1 0.261414 0.965227
147812 1 0.408066 0.912952
148021 1 0.545013 0.838428
148231 1 0.668875 0.743375
148440 1 0.776572 0.630029
148650 1 0.865395 0.50109
148859 1 0.933083 0.359661
149069 1 0.977879 0.209173
149278 1 0.998578 0.0533088
149487 1 0.994568 -0.104094
149697 1 0.965843 -0.259129
149906 1 0.913016 -0.407924
150116 1 0.837306 -0.546734
150325 1 0.740515 -0.672039
150535 1 0.624987 -0.780635
150744 1 0.493555 -0.869715
150954 1 0.349473 -0.936946
151163 1 0.19634 -0.980536
151372 1 0.0380084 -0.999277
151582 1 -0.121508 -0.99259
151791 1 -0.27814 -0.96054
152001 1 -0.427862 -0.903844
152210 1 -0.5668 -0.823855
152420 1 -0.69133 -0.722539
152629 1 -0.798175 -0.602426
152838 1 -0.884496 -0.466547
153048 1 -0.947967 -0.31837
153257 1 -0.98684 -0.161701
153467 1 -1 -0.000597433
153676 1 -0.986997 0.16074
153886 1 -0.948066 0.318075
154095 1 -0.884125 0.46725
154305 1 -0.796762 0.604293
154514 1 -0.688194 0.725527
154723 1 -0.561216 0.827669
154933 1 -0.419133 0.907925
155142 1 -0.265677 0.964062
155352 1 -0.104907 0.994482
155561 1 0.0588924 0.998264
155771 1 0.221326 0.9752
155980 1 0.378007 0.925803
156190 1 0.524675 0.851303
156399 1 0.65731 0.75362
156608 1 0.77225 0.635318
156818 1 0.866291 0.49954
157027 1 0.936777 0.349928
157237 1 0.981682 0.190527
157446 1 0.99967 0.0256799
157656 1 0.990138 -0.140092
157865 1 0.953241 -0.302212
158074 1 0.88989 -0.456175
158284 1 0.801742 -0.59767
158493 1 0.691153 -0.722709
158703 1 0.561122 -0.827733
158912 1 0.415213 -0.909724
159122 1 0.25746 -0.966289
159331 1 0.0922561 -0.995735
159541 1 -0.0757663 -0.997126
159750 1 -0.241864 -0.97031
159959 1 -0.401318 -0.915939
160169 1 -0.549566 -0.83545
160378 1 -0.682338 -0.731037
160588 1 -0.795776 -0.605592
160797 1 -0.886553 -0.462627
161007 1 -0.951972 -0.306185
161216 1 -0.99005 -0.140719
161426 1 -0.999579 0.0290241
161635 1 -0.980173 0.198145
161844 1 -0.932283 0.36173
162054 1 -0.857193 0.514995
162263 1 -0.75699 0.653427
162473 1 -0.634509 0.772916
162682 1 -0.493258 0.869883
162892 1 -0.337319 0.94139
163101 1 -0.171235 0.98523
163310 1 0.000122151 1
163520 1 0.171694 0.98515
163729 1 0.338381 0.941009
163939 1 0.495199 0.868779
164148 1 0.637427 0.770511
164358 1 0.760748 0.649048
164567 1 0.861388 0.507947
164777 1 0.936232 0.351383
164986 1 0.982923 0.184019
165195 1 0.999941 0.0108788
165405 1 0.986658 -0.162809
165614 1 0.943362 -0.331765
165824 1 0.871261 -0.490821
166033 1 0.772447 -0.635079
166243 1 0.649849 -0.760063
166452 1 0.507141 -0.861863
166661 1 0.348643 -0.937256
166871 1 0.179186 -0.983815
167080 1 0.00397499 -0.999992
167290 1 -0.171577 -0.985171
167499 1 -0.342011 -0.939696
167709 1 -0.501995 -0.86487
167918 1 -0.646488 -0.762924
168128 1 -0.770906 -0.636949
168337 1 -0.871264 -0.490814
168546 1 -0.944314 -0.329045
168756 1 -0.987648 -0.156691
168965 1 -0.999783 0.0208327
169175 1 -0.980219 0.197914
169384 1 -0.929462 0.368918
169594 1 -0.849013 0.528372
169803 1 -0.741335 0.671136
170013 1 -0.609776 0.792574
170222 1 -0.458474 0.888708
170431 1 -0.292229 0.956348
170641 1 -0.11635 0.993208
170850 1 0.0635061 0.997981
171060 1 0.241521 0.970396
171269 1 0.4119 0.911229
171479 1 0.569062 0.822294
171688 1 0.707824 0.706389
171897 1 0.823572 0.567211
172107 1 0.912425 0.409244
172316 1 0.971358 0.23762
172526 1 0.998319 0.0579511
172735 1 0.992301 -0.12385
172945 1 0.953382 -0.301765
173154 1 0.882738 -0.469865
173364 1 0.782607 -0.622516
173573 1 0.656225 -0.754565
173782 1 0.50773 -0.861516
173992 1 0.342023 -0.939692
174201 1 0.164616 -0.986358
174411 1 -0.0185519 -0.999828
174620 1 -0.20131 -0.979528
174830 1 -0.377466 -0.926023
175039 1 -0.541015 -0.841013
175249 1 -0.686343 -0.727278
175458 1 -0.808427 -0.588596
175667 1 -0.903009 -0.429622
175877 1 -0.966748 -0.255732
176086 1 -0.997343 -0.0728508
176296 1 -0.993623 0.112755
176505 1 -0.955594 0.294686
176715 1 -0.884451 0.466633
176924 1 -0.782544 0.622595
177133 1 -0.653309 0.757091
177343 1 -0.501153 0.865359
177552 1 -0.331312 0.943521
177762 1 -0.149671 0.988736
177971 1 0.0374349 0.999299
178181 1 0.223442 0.974717
178390 1 0.401785 0.915734
178600 1 0.566134 0.824313
178809 1 0.710615 0.703581
179018 1 0.830027 0.557723
179228 1 0.920032 0.391844
179437 1 0.977315 0.211792
179647 1 0.999713 0.0239576
179856 1 0.986302 -0.164952
180066 1 0.937438 -0.348152
180275 1 0.854759 -0.519025
180485 1 0.741132 -0.67136
180694 1 0.60056 -0.79958
180903 1 0.438049 -0.898951
181113 1 0.25943 -0.965762
181322 1 0.071155 -0.997465
181532 1 -0.119933 -0.992782
181741 1 -0.306849 -0.951758
181951 1 -0.482722 -0.875774
182160 1 -0.641046 -0.767502
182369 1 -0.775927 -0.630823
182579 1 -0.8823 -0.470688
182788 1 -0.956129 -0.292946
182998 1 -0.994563 -0.104133
183207 1 -0.996052 0.088767
183417 1 -0.960414 0.278576
183626 1 -0.888854 0.458191
183836 1 -0.783928 0.620851
184045 1 -0.649463 0.760393
184254 1 -0.490415 0.871489
184464 1 -0.3127 0.949852
184673 1 -0.122968 0.992411
184883 1 0.0716328 0.997431
185092 1 0.263733 0.964596
185302 1 0.446014 0.895026
185511 1 0.611492 0.791251
185720 1 0.753785 0.657121
185930 1 0.867365 0.497672
186139 1 0.947775 0.318941
186349 1 0.991808 0.12774
186558 1 0.997644 -0.0685994
186768 1 0.964931 -0.262505
186977 1 0.894805 -0.446458
187187 1 0.789864 -0.613282
187396 1 0.654075 -0.756429
187605 1 0.492631 -0.870238
187815 1 0.311757 -0.950162
188024 1 0.118472 -0.992957
188234 1 -0.0796766 -0.996821
188443 1 -0.274908 -0.961471
188653 1 -0.459514 -0.888171
188862 1 -0.626164 -0.779692
189072 1 -0.768196 -0.640214
189281 1 -0.879893 -0.475172
189490 1 -0.956709 -0.291048
189700 1 -0.995466 -0.0951184
189909 1 -0.994491 0.104825
190119 1 -0.953691 0.300789
190328 1 -0.874573 0.484894
190538 1 -0.760193 0.649697
190747 1 -0.615047 0.78849
190956 1 -0.444898 0.895581
191166 1 -0.256552 0.96653
191375 1 -0.0575932 0.99834
191585 1 0.143922 0.989589
191794 1 0.339791 0.940501
192004 1 0.521993 0.85295
192213 1 0.683026 0.730394
192423 1 0.816216 0.577747
192632 1 0.915997 0.401186
192841 1 0.978149 0.207907
193051 1 0.999983 0.00583847
193260 1 0.980466 -0.196688
193470 1 0.920273 -0.391276
193679 1 0.821775 -0.569813
193889 1 0.688949 -0.72481
194098 1 0.527228 -0.849724
194308 1 0.343285 -0.939231
194517 1 0.144757 -0.989467
194726 1 -0.0600613 -0.998195
194936 1 -0.262569 -0.964913
195145 1 -0.454215 -0.890892
195355 1 -0.626863 -0.77913
195564 1 -0.773135 -0.634241
195774 1 -0.886738 -0.462272
195983 1 -0.962733 -0.270453
196192 1 -0.99776 -0.0669011
196402 1 -0.99019 0.139724
196611 1 -0.940214 0.340584
196821 1 -0.84984 0.52704
197030 1 -0.722827 0.691029
197240 1 -0.564532 0.825411
197449 1 -0.381693 0.924289
197659 1 -0.182144 0.983272
197868 1 0.0255126 0.999675
198077 1 0.232277 0.97265
198287 1 0.429141 0.903237
198496 1 0.607482 0.794333
198706 1 0.759441 0.650577
198915 1 0.878274 0.478158
199125 1 0.958658 0.284561
199334 1 0.996935 0.0782388
199543 1 0.991283 -0.131747
199753 1 0.941816 -0.336128
199962 1 0.850587 -0.525834
200172 1 0.721514 -0.692399
200381 1 0.560221 -0.828343
200591 1 0.373794 -0.927512
200800 1 0.170483 -0.985361
201010 1 -0.0406674 -0.999173
201219 1 -0.250211 -0.968191
201428 1 -0.448725 -0.89367
201638 1 -0.627236 -0.778829
201847 1 -0.777626 -0.628727
202057 1 -0.893008 -0.450041
202266 1 -0.968044 -0.250781
202476 1 -0.999202 -0.0399301
202685 1 -0.98493 0.172952
202895 1 -0.925738 0.378166
203104 1 -0.824192 0.566311
203313 1 -0.68481 0.728721
203523 1 -0.513872 0.857867
203732 1 -0.319138 0.947708
203942 1 -0.109506 0.993986
204151 1 0.105392 0.994431
204361 1 0.315633 0.948881
204570 1 0.511458 0.859308
204779 1 0.683727 0.729738
204989 1 0.824352 0.566077
205198 1 0.926679 0.375855
205408 1 0.985808 0.167879
205617 1 0.998839 -0.0481654
205827 1 0.965022 -0.262167
206036 1 0.885804 -0.464059
206246 1 0.76478 -0.644292
206455 1 0.607534 -0.794294
206664 1 0.421397 -0.906876
206874 1 0.215102 -0.976592
207083 1 -0.00161396 -0.999999
207293 1 -0.218469 -0.975844
207502 1 -0.425122 -0.905136
207712 1 -0.61167 -0.791113
207921 1 -0.769121 -0.639103
208131 1 -0.889833 -0.456285
208340 1 -0.967895 -0.251355
208549 1 -0.999418 -0.0341155
208759 1 -0.982741 0.184985
208968 1 -0.918528 0.395357
209178 1 -0.809746 0.586781
209387 1 -0.661545 0.749906
209597 1 -0.481016 0.876712
209806 1 -0.276864 0.960909
210015 1 -0.0589898 0.998259
210225 1 0.161986 0.986793
210434 1 0.375235 0.92693
210644 1 0.570257 0.821466
210853 1 0.737397 0.67546
211063 1 0.868327 0.495992
211272 1 0.956469 0.291835
211482 1 0.99733 0.0730267
211691 1 0.988744 -0.149619
211900 1 0.930991 -0.365042
212110 1 0.826804 -0.56249
212319 1 0.681247 -0.732054
212529 1 0.501478 -0.865171
212738 1 0.296405 -0.955062
212948 1 0.076251 -0.997089
213157 1 -0.147952 -0.988995
213367 1 -0.364914 -0.931041
213576 1 -0.563655 -0.82601
213785 1 -0.734066 -0.679079
213995 1 -0.867421 -0.497574
214204 1 -0.956839 -0.290618
214414 1 -0.997639 -0.0686698
214623 1 -0.9876 0.156994
214833 1 -0.927085 0.374852
215042 1 -0.819047 0.573727
215251 1 -0.66889 0.743362
215461 1 -0.48421 0.874952
215670 1 -0.274418 0.96161
215880 1 -0.050267 0.998736
216089 1 0.176697 0.984265
216299 1 0.394725 0.918799
216508 1 0.592475 0.805589
216718 1 0.759607 0.650382
216927 1 0.887325 0.461145
217136 1 0.968848 0.247658
217346 1 0.999779 0.0210163
217555 1 0.978353 -0.206941
217765 1 0.905545 -0.424251
217974 1 0.785036 -0.61945
218184 1 0.623042 -0.782188
218393 1 0.427997 -0.90378
218602 1 0.210127 -0.977674
218812 1 -0.0190861 -0.999818
219021 1 -0.247501 -0.968888
219231 1 -0.462963 -0.886378
219440 1 -0.653947 -0.75654
219650 1 -0.810185 -0.586175
219859 1 -0.923215 -0.384284
220069 1 -0.986856 -0.161601
220278 1 -0.997549 0.06997
220487 1 -0.954568 0.297992
220697 1 -0.86008 0.51016
220906 1 -0.719042 0.694967
221116 1 -0.538957 0.842334
221325 1 -0.32948 0.944163
221535 1 -0.101908 0.994794
221744 1 0.131421 0.991327
221954 1 0.3578 0.933798
222163 1 0.564842 0.825199
222372 1 0.741157 0.671332
222582 1 0.876991 0.480506
222791 1 0.964768 0.263104
223001 1 0.999519 0.0310185
223210 1 0.97918 -0.202992
223420 1 0.904722 -0.426002
223629 1 0.780115 -0.625636
223838 1 0.612129 -0.790758
224048 1 0.409978 -0.912095
224257 1 0.18482 -0.982772
224467 1 -0.0508519 -0.998706
224676 1 -0.283899 -0.958854
224886 1 -0.501267 -0.865293
225095 1 -0.690723 -0.72312
225305 1 -0.841544 -0.540189
225514 1 -0.945134 -0.326684
225723 1 -0.995519 -0.0945624
225933 1 -0.989706 0.143113
226142 1 -0.927869 0.372905
226352 1 -0.813361 0.58176
226561 1 -0.65254 0.757754
226771 1 -0.454434 0.89078
226980 1 -0.230237 0.973135
227190 1 0.00731619 0.999973
227399 1 0.244665 0.969608
227608 1 0.468201 0.883622
227818 1 0.665045 0.746803
228027 1 0.823797 0.566885
228237 1 0.935198 0.354124
228446 1 0.992687 0.120718
228656 1 0.992788 -0.119883
228865 1 0.93534 -0.353751
229074 1 0.823521 -0.567285
229284 1 0.663691 -0.748007
229493 1 0.465034 -0.885293
229703 1 0.239045 -0.971009
229912 1 -0.00113001 -0.999999
230122 1 -0.241453 -0.970412
230331 1 -0.467815 -0.883826
230541 1 -0.666864 -0.745179
230750 1 -0.826797 -0.562501
230959 1 -0.938067 -0.346455
231169 1 -0.993961 -0.10973
231378 1 -0.991021 0.133707
231588 1 -0.929261 0.369425
231797 1 -0.812195 0.583387
232007 1 -0.646647 0.762789
232216 1 -0.442367 0.896834
232425 1 -0.211462 0.977386
232635 1 0.0323102 0.999478
232844 1 0.27436 0.961627
233054 1 0.500133 0.865948
233263 1 0.695994 0.718048
233473 1 0.850047 0.526707
233682 1 0.952872 0.303372
233892 1 0.998108 0.0614774
234101 1 0.982859 -0.184358
234310 1 0.90789 -0.419209
234520 1 0.777603 -0.628755
234729 1 0.599797 -0.800153
234939 1 0.385203 -0.922832
235148 1 0.146854 -0.989158
235358 1 -0.100704 -0.994916
235567 1 -0.342294 -0.939593
235777 1 -0.563041 -0.826429
235986 1 -0.749288 -0.662244
236195 1 -0.889446 -0.45704
236405 1 -0.974728 -0.223396
236614 1 -0.999705 0.0242893
236824 1 -0.962669 0.270682
237033 1 -0.865759 0.500462
237243 1 -0.714852 0.699276
237452 1 -0.519221 0.85464
237661 1 -0.290974 0.956731
237871 1 -0.0443153 0.999018
238080 1 0.205336 0.978692
238290 1 0.442302 0.896866
238499 1 0.651639 0.758529
238709 1 0.820076 0.572255
238918 1 0.936868 0.349682
239128 1 0.994494 0.104797
239337 1 0.989145 -0.146939
239546 1 0.920999 -0.389564
239756 1 0.794226 -0.607623
239965 1 0.616749 -0.78716
240175 1 0.399763 -0.916619
240384 1 0.157036 -0.987593
240594 1 -0.0959538 -0.995386
240803 1 -0.343004 -0.939334
241013 1 -0.568224 -0.822874
241222 1 -0.757059 -0.653347
241431 1 -0.897238 -0.441547
241641 1 -0.979582 -0.201046
241850 1 -0.998612 0.052667
242060 1 -0.952933 0.303182
242269 1 -0.845343 0.534224
242479 1 -0.682682 0.730716
242688 1 -0.475405 0.879767
242897 1 -0.236927 0.971527
243107 1 0.0172419 0.999851
243316 1 0.270496 0.962721
243526 1 0.506219 0.862405
243735 1 0.708875 0.705334
243945 1 0.86504 0.501702
244154 1 0.964298 0.264818
244364 1 0.999948 0.010244
244573 1 0.969467 -0.245221
244782 1 0.874709 -0.484649
244992 1 0.7218 -0.692101
245201 1 0.520763 -0.853701
245411 1 0.284867 -0.958567
245620 1 0.029765 -0.999557
245830 1 -0.227539 -0.973769
246039 1 -0.469823 -0.882761
246249 1 -0.680798 -0.732471
246458 1 -0.846211 -0.532847
246667 1 -0.954816 -0.297199
246877 1 -0.999146 -0.0413211
247086 1 -0.976047 0.21756
247296 1 -0.886911 0.46194
247505 1 -0.737612 0.675225
247715 1 -0.53813 0.842862
247924 1 -0.301901 0.953339
248133 1 -0.0449192 0.998991
248343 1 0.215339 0.976539
248552 1 0.461099 0.887349
248762 1 0.675505 0.737356
248971 1 0.843779 0.536691
249181 1 0.954251 0.299008
249390 1 0.999177 0.0405627
249600 1 0.975299 -0.220889
249809 1 0.884093 -0.467312
250018 1 0.731695 -0.681632
250228 1 0.528508 -0.848928
250437 1 0.288498 -0.957481
250647 1 0.0282476 -0.999601
250856 1 -0.234181 -0.972193
251066 1 -0.4805 -0.876995
251275 1 -0.69347 -0.720486
251484 1 -0.858114 -0.51346
251694 1 -0.962777 -0.270295
251903 1 -0.999968 -0.00796661
252113 1 -0.966905 0.255135
252322 1 -0.865743 0.500489
252532 1 -0.703448 0.710747
252741 1 -0.491332 0.870972
252951 1 -0.244283 0.969704
253160 1 0.0202788 0.999794
253369 1 0.283615 0.958938
253579 1 0.526998 0.849867
253788 1 0.733045 0.68018
253998 1 0.886965 0.461836
254207 1 0.977634 0.210316
254417 1 0.998405 -0.0564593
254626 1 0.94762 -0.319401
254836 1 0.828749 -0.55962
255045 1 0.650178 -0.759782
255254 1 0.424624 -0.90537
255464 1 0.168249 -0.985744
255673 1 -0.100491 -0.994938
255883 1 -0.362171 -0.932112
256092 1 -0.597799 -0.801646
256302 1 -0.790197 -0.612853
256511 1 -0.925263 -0.379325
256720 1 -0.993017 -0.117971
256930 1 -0.98835 0.152201
257139 1 -0.911427 0.411462
257349 1 -0.767707 0.640801
257558 1 -0.567569 0.823326
257768 1 -0.325579 0.945515
257977 1 -0.0594422 0.998232
258187 1 0.211287 0.977424
258396 1 0.466634 0.884451
258605 1 0.687682 0.726012
258815 1 0.85798 0.513684
259024 1 0.964772 0.263086
259234 1 0.999974 -0.00725461
259443 1 0.960792 -0.277269
259653 1 0.849971 -0.52683
259862 1 0.67561 -0.737259
260072 1 0.450596 -0.892728
260281 1 0.191659 -0.981462
260490 1 -0.0818576 -0.996644
260700 1 -0.349439 -0.936959
260909 1 -0.590934 -0.80672
261119 1 -0.788078 -0.615575
261328 1 -0.925883 -0.37781
261538 1 -0.993788 -0.111291
261747 1 -0.986483 0.163864
261956 1 -0.904344 0.426805
262166 1 -0.753434 0.657524
262375 1 -0.545074 0.838388
262585 1 -0.295008 0.955495
262794 1 -0.0222272 0.999753
263004 1 0.252465 0.967606
263213 1 0.508036 0.861336
263423 1 0.72484 0.688918
263632 1 0.886127 0.463442
263841 1 0.979358 0.202132
264051 1 0.997187 -0.0749565
264260 1 0.93806 -0.346474
264470 1 0.806367 -0.591416
264679 1 0.612135 -0.790754
264889 1 0.37028 -0.92892
265098 1 0.0994783 -0.99504
265308 1 -0.179271 -0.9838
265517 1 -0.444267 -0.895894
265726 1 -0.674795 -0.738005
265936 1 -0.852756 -0.522309
266145 1 -0.964095 -0.265559
266355 1 -0.999925 0.0122113
266564 1 -0.957258 0.289235
266774 1 -0.839266 0.543721
266983 1 -0.655068 0.75557
267192 1 -0.419045 0.907965
267402 1 -0.149727 0.988727
267611 1 0.131646 0.991297
267821 1 0.402799 0.915289
268030 1 0.642179 0.766555
268240 1 0.830677 0.556755
268449 1 0.953164 0.302455
268659 1 0.999716 0.0238365
268868 1 0.966439 -0.256897
269077 1 0.85581 -0.51729
269287 1 0.676518 -0.736426
269496 1 0.442793 -0.896624
269706 1 0.173298 -0.98487
269915 1 -0.110353 -0.993892
270125 1 -0.38532 -0.922783
270334 1 -0.629378 -0.777099
270543 1 -0.822715 -0.568454
270753 1 -0.949554 -0.313603
270962 1 -0.999451 -0.0331177
271172 1 -0.968176 0.25027
271381 1 -0.858088 0.513503
271591 1 -0.677978 0.735082
271800 1 -0.442391 0.896822
272010 1 -0.170459 0.985365
272219 1 0.115634 0.993292
272428 1 0.392458 0.91977
272638 1 0.637257 0.770651
272847 1 0.82982 0.558031
273057 1 0.954166 0.299279
273266 1 0.999878 0.0156422
273476 1 0.963001 -0.269499
273685 1 0.846399 -0.532549
273895 1 0.659556 -0.751655
274104 1 0.417824 -0.908528
274313 1 0.141175 -0.989985
274523 1 -0.147434 -0.989072
274732 1 -0.423963 -0.90568
274942 1 -0.665289 -0.746586
275151 1 -0.851147 -0.524928
275361 1 -0.965842 -0.259132
275570 1 -0.999591 0.0286006
275779 1 -0.949376 0.314143
275989 1 -0.819233 0.573461
276198 1 -0.619951 0.78464
276408 1 -0.368196 0.929748
276617 1 -0.085131 0.99637
276827 1 0.20535 0.978689
277036 1 0.478633 0.878015
277246 1 0.711475 0.702711
277455 1 0.883983 0.467519
277664 1 0.981329 0.192336
277874 1 0.995042 -0.0994541
278083 1 0.923764 -0.382963
278293 1 0.773403 -0.633915
278502 1 0.556665 -0.830737
278712 1 0.292003 -0.956417
278921 1 0.00205291 -0.999998
279131 1 -0.288285 -0.957545
279340 1 -0.553987 -0.832525
279549 1 -0.77206 -0.635549
279759 1 -0.923547 -0.383486
279968 1 -0.995183 -0.0980364
280178 1 -0.98058 0.196121
280387 1 -0.880815 0.473461
280597 1 -0.704375 0.709828
280806 1 -0.46646 0.884542
281015 1 -0.187685 0.982229
281225 1 0.107687 0.994185
281434 1 0.393852 0.919174
281644 1 0.645717 0.763577
281853 1 0.841107 0.540869
282063 1 0.962727 0.270473
282272 1 0.999714 -0.0239199
282482 1 0.94862 -0.316417
282691 1 0.813762 -0.581198
282900 1 0.606878 -0.794795
283110 1 0.346122 -0.93819
283319 1 0.0544941 -0.998514
283529 1 -0.242181 -0.970231
283738 1 -0.517536 -0.855661
283948 1 -0.747005 -0.664818
284157 1 -0.910025 -0.414554
284366 1 -0.991891 -0.127089
284576 1 -0.985106 0.171948
284785 1 -0.890083 0.455798
284995 1 -0.715154 0.698967
285204 1 -0.475859 0.879521
285414 1 -0.193585 0.981083
285623 1 0.10633 0.994331
285833 1 0.396865 0.917877
286042 1 0.651749 0.758435
286251 1 0.84784 0.530252
286461 1 0.967242 0.253857
286670 1 0.998952 -0.0457706
286880 1 0.939899 -0.341451
287089 1 0.795263 -0.606265
287299 1 0.578039 -0.816009
287508 1 0.307901 -0.951418
287718 1 0.0094271 -0.999956
287927 1 -0.290121 -0.95699
288136 1 -0.563284 -0.826264
288346 1 -0.784926 -0.619589
288555 1 -0.93456 -0.355805
288765 1 -0.998254 -0.0590757
288974 1 -0.969949 0.243309
289184 1 -0.852062 0.523441
289393 1 -0.655303 0.755366
289602 1 -0.397723 0.917506
289812 1 -0.103079 0.994673
290021 1 0.201345 0.97952
290231 1 0.487256 0.873259
290440 1 0.727986 0.685592
290650 1 0.900986 0.433849
290859 1 0.989951 0.141407
291069 1 0.986383 -0.164465
291278 1 0.890417 -0.455146
291487 1 0.710859 -0.703334
291697 1 0.4644 -0.885626
291906 1 0.174081 -0.984731
292116 1 -0.132838 -0.991138
292325 1 -0.427439 -0.904044
292535 1 -0.681863 -0.73148
292744 1 -0.871952 -0.489592
292954 1 -0.979561 -0.20115
293163 1 -0.994304 0.106577
293372 1 -0.914586 0.404391
293582 1 -0.747792 0.663933
293791 1 -0.50963 0.860393
294001 1 -0.222676 0.974892
294210 1 0.0857532 0.996316
294420 1 0.38619 0.922419
294629 1 0.649828 0.760082
294838 1 0.85129 0.524696
295048 1 0.971087 0.238727
295257 1 0.997518 -0.0704104
295467 1 0.927841 -0.372975
295676 1 0.768579 -0.639755
295886 1 0.534933 -0.844894
296095 1 0.249361 -0.968411
296305 1 -0.060573 -0.998164
296514 1 -0.36484 -0.93107
296723 1 -0.63386 -0.773448
296933 1 -0.841378 -0.540447
297142 1 -0.967041 -0.254619
297352 1 -0.998417 0.0562531
297561 1 -0.93224 0.36184
297771 1 -0.774786 0.632223
297980 1 -0.541295 0.840832
298190 1 -0.254524 0.967066
298399 1 0.0574552 0.998348
298608 1 0.363992 0.931402
298818 1 0.634867 0.772622
299027 1 0.843272 0.537487
299237 1 0.968484 0.249076
299446 1 0.997938 -0.0641783
299656 1 0.928519 -0.371285
299865 1 0.76691 -0.641755
300074 1 0.528981 -0.848634
300284 1 0.238252 -0.971203
300493 1 -0.076415 -0.997076
300703 1 -0.383669 -0.923471
300912 1 -0.652792 -0.757537
301122 1 -0.856775 -0.515691
301331 1 -0.975045 -0.222008
301541 1 -0.995558 0.0941486
301750 1 -0.916053 0.401058
301959 1 -0.744323 0.667819
302169 1 -0.497484 0.867473
302378 1 -0.200286 0.979738
302588 1 0.117348 0.993091
302797 1 0.423321 0.90598
303007 1 0.686612 0.727024
303216 1 0.880421 0.474192
303425 1 0.984919 0.173019
303635 1 0.989291 -0.145957
303844 1 0.892889 -0.450277
304054 1 0.705341 -0.708868
304263 1 0.445619 -0.895223
304473 1 0.140144 -0.990131
304682 1 -0.17989 -0.983687
304892 1 -0.481685 -0.876345
305101 1 -0.734208 -0.678925
305310 1 -0.911388 -0.411549
305520 1 -0.994824 -0.101612
305729 1 -0.975723 0.21901
305939 1 -0.855848 0.517227
306148 1 -0.647393 0.762156
306358 1 -0.371764 0.928327
306567 1 -0.0574047 0.998351
306777 1 0.263122 0.964763
306986 1 0.556504 0.830845
307195 1 0.79214 0.610339
307405 1 0.945349 0.326059
307614 1 0.999971 0.00755338
307824 1 0.950098 -0.311951
308033 1 0.80074 -0.599012
308243 1 0.567352 -0.823475
308452 1 0.274263 -0.961655
308661 1 -0.047843 -0.998855
308871 1 -0.365125 -0.930958
309080 1 -0.644137 -0.76491
309290 1 -0.855359 -0.518036
309499 1 -0.976336 -0.216261
309709 1 -0.994086 0.108593
309918 1 -0.906524 0.422154
310128 1 -0.722728 0.691132
310337 1 -0.462034 0.886862
310546 1 -0.152019 0.988378
310756 1 0.174391 0.984677
310965 1 0.482412 0.875945
311175 1 0.739108 0.673586
311384 1 0.916926 0.399058
311594 1 0.996664 0.0816154
311803 1 0.969577 -0.244785
312013 1 0.838363 -0.545112
312222 1 0.616923 -0.787024
312431 1 0.328919 -0.944358
312641 1 0.00526964 -0.999986
312850 1 -0.319158 -0.947702
313060 1 -0.609296 -0.792943
313269 1 -0.833673 -0.552258
313479 1 -0.967841 -0.251565
313688 1 -0.99706 0.076624
313897 1 -0.91795 0.396697
314107 1 -0.738904 0.673811
314316 1 -0.479235 0.877687
314526 1 -0.167114 0.985938
314735 1 0.163463 0.986549
314945 1 0.476372 0.879244
315154 1 0.737302 0.675563
315364 1 0.917534 0.397657
315573 1 0.997115 0.0759019
315782 1 0.967097 -0.254406
315992 1 0.830571 -0.556912
316201 1 0.602382 -0.798208
316411 1 0.307543 -0.951534
316620 1 -0.0214827 -0.999769
316830 1 -0.34834 -0.937368
317039 1 -0.636796 -0.771032
317248 1 -0.854763 -0.519019
317458 1 -0.97788 -0.209168
317667 1 -0.992263 0.124155
317877 1 -0.896098 0.443856
318086 1 -0.699899 0.714242
318296 1 -0.425389 0.90501
318505 1 -0.103123 0.994669
318715 1 0.230898 0.972978
318924 1 0.539235 0.842156
319133 1 0.787214 0.616681
319343 1 0.946834 0.321723
319552 1 0.999954 -0.0096434
319762 1 0.940378 -0.340132
319971 1 0.774614 -0.632434
320181 1 0.521194 -0.853438
320390 1 0.208628 -0.977995
320600 1 -0.127776 -0.991803
320809 1 -0.449893 -0.893082
321018 1 -0.721099 -0.692832
321228 1 -0.910441 -0.413639
321437 1 -0.996195 -0.0871527
321647 1 -0.96838 0.249478
321856 1 -0.829956 0.557829
322066 1 -0.596538 0.802585
322275 1 -0.294672 0.955599
322484 1 0.0411665 0.999152
322694 1 0.372489 0.928037
322903 1 0.661204 0.750206
323113 1 0.874001 0.485924
323322 1 0.986213 0.16548
323532 1 0.9847 -0.174258
323741 1 0.869419 -0.494075
323951 1 0.65349 -0.756935
324160 1 0.361733 -0.932282
324369 1 0.0278404 -0.999612
324579 1 -0.309492 -0.950902
324788 1 -0.611048 -0.791594
324998 1 -0.841649 -0.540025
325207 1 -0.974279 -0.225347
325417 1 -0.993269 0.115829
325626 1 -0.896186 0.443678
325836 1 -0.69417 0.719811
326045 1 -0.410693 0.911774
326254 1 -0.0788578 0.996886
326464 1 0.262445 0.964947
326673 1 0.57309 0.819492
326883 1 0.816435 0.577438
327092 1 0.963657 0.267144
327302 1 0.997192 -0.0748825
327511 1 0.912863 -0.408267
327720 1 0.720428 -0.69353
327930 1 0.442491 -0.896773
328139 1 0.111874 -0.993722
328349 1 -0.232238 -0.972659
328558 1 -0.548932 -0.835867
328768 1 -0.800432 -0.599423
328977 1 -0.956619 -0.291342
329187 1 -0.998662 0.05172
329396 1 -0.921319 0.388807
329605 1 -0.733627 0.679552
329815 1 -0.457879 0.889014
330024 1 -0.127007 0.991902
330234 1 0.21933 0.975651
330443 1 0.539487 0.841994
330653 1 0.794844 0.606814
330862 1 0.954474 0.298293
331072 1 0.998921 -0.0464439
331281 1 0.922593 -0.385774
331490 1 0.734509 -0.678599
331700 1 0.457263 -0.889332
331909 1 0.124343 -0.992239
332119 1 -0.223891 -0.974614
332328 1 -0.545091 -0.838377
332538 1 -0.80007 -0.599907
332747 1 -0.957598 -0.288108
332956 1 -0.998254 0.0590714
333166 1 -0.916848 0.399236
333375 1 -0.723124 0.690718
333585 1 -0.440624 0.897692
333794 1 -0.103865 0.994591
334004 1 0.245863 0.969304
334213 1 0.565546 0.824717
334423 1 0.815736 0.578425
334632 1 0.96544 0.260625
334841 1 0.995982 -0.0895587
335051 1 0.903363 -0.428876
335260 1 0.698828 -0.71529
335470 1 0.407528 -0.913193
335679 1 0.0654645 -0.997855
335889 1 -0.28494 -0.958545
336098 1 -0.600095 -0.799929
336307 1 -0.840669 -0.541549
336517 1 -0.976513 -0.215457
336726 1 -0.990468 0.137741
336936 1 -0.880566 0.473924
337145 1 -0.66034 0.750967
337355 1 -0.357199 0.934028
337564 1 -0.00904171 0.999959
337774 1 0.340459 0.940259
337983 1 0.647328 0.762212
338192 1 0.872826 0.488032
338402 1 0.988361 0.152129
338611 1 0.97914 -0.203185
338821 1 0.846104 -0.533018
339030 1 0.605869 -0.795564
339240 1 0.288693 -0.957422
339449 1 -0.0653099 -0.997865
339659 1 -0.411223 -0.911535
339868 1 -0.705023 -0.709184
340077 1 -0.909191 -0.416379
340287 1 -0.997526 -0.0702976
340496 1 -0.958538 0.284964
340706 1 -0.796982 0.604003
340915 1 -0.533315 0.845917
341125 1 -0.201144 0.979562
341334 1 0.157031 0.987594
341543 1 0.495243 0.868754
341753 1 0.769953 0.638101
341962 1 0.945667 0.325135
342172 1 0.999552 -0.0299359
342381 1 0.92443 -0.381351
342591 1 0.729781 -0.683681
342800 1 0.440578 -0.897714
343010 1 0.0941219 -0.995561
343219 1 -0.264746 -0.964318
343428 1 -0.589439 -0.807813
343638 1 -0.837673 -0.546172
343847 1 -0.976993 -0.213271
344057 1 -0.989043 0.147624
344266 1 -0.872024 0.489464
344476 1 -0.640993 0.767547
344685 1 -0.325972 0.945379
344895 1 0.0319275 0.99949
345104 1 0.385848 0.922562
345313 1 0.689315 0.724462
345523 1 0.902345 0.431014
345732 1 0.996741 0.0806705
345942 1 0.959852 -0.280506
346151 1 0.796312 -0.604886
346361 1 0.527497 -0.849557
346570 1 0.188768 -0.982022
346779 1 -0.175149 -0.984542
346989 1 -0.516059 -0.856553
347198 1 -0.788676 -0.61481
347408 1 -0.956652 -0.291233
347617 1 -0.997457 0.0712748
347827 1 -0.905429 0.424498
348036 1 -0.692606 0.721316
348246 1 -0.387189 0.922
348455 1 -0.0298406 0.999555
348664 1 0.331707 0.943382
348874 1 0.649017 0.760774
349083 1 0.879443 0.476004
349293 1 0.991885 0.127138
349502 1 0.971014 -0.239023
349712 1 0.819405 -0.573215
349921 1 0.557264 -0.830335
350131 1 0.219771 -0.975551
350340 1 -0.147607 -0.989046
350549 1 -0.495229 -0.868763
350759 1 -0.775981 -0.630756
350968 1 -0.95168 -0.307091
351178 1 -0.998291 0.0584461
351387 1 -0.909251 0.416248
351597 1 -0.69644 0.717615
351806 1 -0.388633 0.921393
352015 1 -0.0276441 0.999618
352225 1 0.337324 0.941389
352434 1 0.656384 0.754427
352644 1 0.885783 0.464099
352853 1 0.993931 0.11001
353063 1 0.965777 -0.259374
353272 1 0.804952 -0.593339
353482 1 0.533342 -0.8459
353691 1 0.188148 -0.982141
353900 1 -0.183176 -0.98308
354110 1 -0.529431 -0.848353
354319 1 -0.802733 -0.596339
354529 1 -0.965151 -0.261694
354738 1 -0.994 0.109381
354948 1 -0.885048 0.4655
355157 1 -0.65318 0.757202
355366 1 -0.330408 0.943838
355576 1 0.0385179 0.999258
355785 1 0.402285 0.915514
355995 1 0.710154 0.704046
356204 1 0.919042 0.394159
356414 1 0.999579 0.0289997
356623 1 0.940273 -0.340422
356833 1 0.749191 -0.662355
357042 1 0.45291 -0.891556
357251 1 0.0928587 -0.995679
357461 1 -0.28045 -0.959869
357670 1 -0.61449 -0.788925
357880 1 -0.862119 -0.506705
358089 1 -0.988251 -0.152838
358299 1 -0.974861 0.222815
358508 1 -0.823602 0.567168
358718 1 -0.555654 0.831414
358927 1 -0.208796 0.977959
359136 1 0.167884 0.985807
359346 1 0.520922 0.853604
359555 1 0.800063 0.599916
359765 1 0.965431 0.26066
359974 1 0.993256 -0.115945
360184 1 0.879332 -0.47621
360393 1 0.639696 -0.768628
360602 1 0.308415 -0.951252
360812 1 -0.067221 -0.997738
361021 1 -0.433426 -0.901189
361231 1 -0.737615 -0.675222
361440 1 -0.935966 -0.35209
361650 1 -0.999761 0.0218781
361859 1 -0.919581 0.392901
362069 1 -0.706744 0.707469
362278 1 -0.391755 0.920069
362487 1 -0.0199684 0.999801
362697 1 0.354913 0.9349
362906 1 0.678583 0.734524
363116 1 0.904013 0.427505
363325 1 0.998302 0.0582438
363535 1 0.947523 -0.319687
363744 1 0.75882 -0.6513
363954 1 0.459455 -0.888201
364163 1 0.0929073 -0.995675
364372 1 -0.287408 -0.957808
364582 1 -0.625914 -0.779892
364791 1 -0.872994 -0.487731
365001 1 -0.992289 -0.123944
365210 1 -0.966085 0.258224
365420 1 -0.797985 0.602677
365629 1 -0.512466 0.858707
365838 1 -0.151359 0.988479
366048 1 0.232249 0.972656
366257 1 0.581803 0.81333
366467 1 0.845617 0.533791
366676 1 0.984538 0.175172
366886 1 0.977793 -0.209573
367095 1 0.826138 -0.563468
367305 1 0.55183 -0.833956
367514 1 0.195409 -0.980722
367723 1 -0.190262 -0.981733
367933 1 -0.547819 -0.836597
368142 1 -0.823924 -0.5667
368352 1 -0.977247 -0.212103
368561 1 -0.984681 0.174367
368771 1 -0.84487 0.534972
368980 1 -0.578501 0.815682
369189 1 -0.225285 0.974293
369399 1 0.161923 0.986803
369608 1 0.525018 0.851091
369818 1 0.809356 0.587319
370027 1 0.971999 0.234984
370237 1 0.988233 -0.152956
370446 1 0.855365 -0.518026
370656 1 0.593219 -0.805041
370865 1 0.241223 -0.97047
371074 1 -0.14748 -0.989065
371284 1 -0.51404 -0.857766
371493 1 -0.802801 -0.596247
371703 1 -0.969771 -0.244018
371912 1 -0.989357 0.145507
372122 1 -0.858336 0.513088
372331 1 -0.596427 0.802667
372541 1 -0.243377 0.969932
372750 1 0.147037 0.989131
372959 1 0.515175 0.857085
373169 1 0.804642 0.59376
373378 1 0.970947 0.239296
373588 1 0.98837 -0.15207
373797 1 0.853991 -0.520288
374007 1 0.588225 -0.808698
374216 1 0.231767 -0.972771
374425 1 -0.160597 -0.98702
374635 1 -0.528393 -0.849
374844 1 -0.814774 -0.579779
375054 1 -0.975326 -0.220769
375263 1 -0.984991 0.172603
375473 1 -0.842026 0.539437
375682 1 -0.568359 0.822781
375892 1 -0.206278 0.978493
376101 1 0.188064 0.982157
376310 1 0.553344 0.832953
376520 1 0.832595 0.553882
376729 1 0.982119 0.188264
376939 1 0.978352 -0.206946
377148 1 0.821636 -0.570012
377358 1 0.536248 -0.84406
377567 1 0.166693 -0.986009
377777 1 -0.229202 -0.973379
377986 1 -0.589316 -0.807903
378195 1 -0.856983 -0.515344
378405 1 -0.989933 -0.141536
378614 1 -0.967003 0.254766
378824 1 -0.791556 0.611097
379033 1 -0.491046 0.871134
379243 1 -0.112767 0.993621
379452 1 0.283553 0.958957
379661 1 0.635165 0.772376
379871 1 0.886242 0.463222
380080 1 0.996765 0.0803721
380290 1 0.948942 -0.31545
380499 1 0.750127 -0.661294
380709 1 0.431741 -0.901998
380918 1 0.0443529 -0.999016
381128 1 -0.350316 -0.936632
381337 1 -0.689215 -0.724557
381546 1 -0.918046 -0.396474
381756 1 -0.999989 -0.00473277
381965 1 -0.921672 0.38797
382175 1 -0.695406 0.718617
382384 1 -0.357305 0.933988
382594 1 0.0384356 0.999261
382803 1 0.428193 0.903687
383013 1 0.749139 0.662413
383222 1 0.949378 0.314135
383431 1 0.996376 -0.0850632
383641 1 0.882286 -0.470713
383850 1 0.625321 -0.780368
384060 1 0.266892 -0.963726
384269 1 -0.135017 -0.990843
384479 1 -0.515207 -0.857066
384688 1 -0.811836 -0.583886
384897 1 -0.976495 -0.21554
385107 1 -0.982148 0.188111
385316 1 -0.82762 0.561289
385526 1 -0.537886 0.843018
385735 1 -0.160088 0.987103
385945 1 0.244098 0.969751
386154 1 0.608508 0.793547
386364 1 0.873327 0.487134
386573 1 0.994927 0.100601
386782 1 0.953098 -0.302661
386992 1 0.754464 -0.656342
387201 1 0.431485 -0.90212
387411 1 0.0372109 -0.999307
387620 1 -0.363406 -0.931631
387830 1 -0.704191 -0.71001
388039 1 -0.928691 -0.370855
388248 1 -0.999554 0.0298714
388458 1 -0.904793 0.425851
388667 1 -0.65987 0.75138
388877 1 -0.305227 0.95228
389086 1 0.100345 0.994953
389296 1 0.489422 0.872047
389505 1 0.797151 0.603781
389715 1 0.972075 0.234671
389924 1 0.984779 -0.17381
390133 1 0.832885 -0.553445
390343 1 0.541551 -0.840668
390552 1 0.159358 -0.987221
390762 1 -0.249751 -0.96831
390971 1 -0.617143 -0.786851
391181 1 -0.881019 -0.47308
391390 1 -0.996829 -0.0795723
391600 1 -0.944839 0.327534
391809 1 -0.733552 0.679633
392018 1 -0.398373 0.917223
392228 1 0.00427064 0.999991
392437 1 0.406395 0.913697
392647 1 0.739927 0.672688
392856 1 0.948237 0.317562
393066 1 0.995795 -0.0916128
393275 1 0.874272 -0.485436
393484 1 0.604065 -0.796935
393694 1 0.230926 -0.972971
393903 1 -0.18174 -0.983347
394113 1 -0.56362 -0.826034
394322 1 -0.849475 -0.527628
394532 1 -0.990306 -0.138906
394741 1 -0.961794 0.273773
394951 1 -0.768562 0.639776
395160 1 -0.443479 0.896285
395369 1 -0.0421285 0.999112
395579 1 0.366659 0.930355
395788 1 0.712598 0.701573
395998 1 0.936037 0.351902
396207 1 0.998282 -0.0585852
396417 1 0.888348 -0.459171
396626 1 0.624952 -0.780663
396836 1 0.253392 -0.967364
397045 1 -0.162202 -0.986757
397254 1 -0.549905 -0.835227
397464 1 -0.842443 -0.538786
397673 1 -0.988887 -0.14867
397883 1 -0.963565 0.267473
398092 1 -0.770619 0.637296
398302 1 -0.443389 0.896329
398511 1 -0.0387086 0.999251
398720 1 0.372926 0.927861
398930 1 0.719625 0.694363
399139 1 0.940665 0.339338
399349 1 0.997164 -0.0752597
399558 1 0.878971 -0.476875
399768 1 0.60655 -0.795046
399977 1 0.227496 -0.973779
400187 1 -0.191729 -0.981448
400396 1 -0.577428 -0.816442
400605 1 -0.861617 -0.507558
400815 1 -0.994038 -0.109037
401024 1 -0.951087 0.308924
401234 1 -0.740086 0.672512
401443 1 -0.398095 0.917344
401653 1 0.01454 0.999894
401862 1 0.424801 0.905287
402072 1 0.759904 0.650035
402281 1 0.960226 0.279225
402490 1 0.989952 -0.141404
402700 1 0.843534 -0.537076
402909 1 0.546785 -0.837273
403119 1 0.152393 -0.98832
403328 1 -0.269393 -0.96303
403538 1 -0.643251 -0.765656
403747 1 -0.902238 -0.431238
403956 1 -0.999811 -0.0194468
404166 1 -0.918237 0.396031
404375 1 -0.671882 0.740658
404585 1 -0.30474 0.952436
404794 1 0.117366 0.993089
405004 1 0.518556 0.855043
405213 1 0.826526 0.562899
405423 1 0.985598 0.169105
405632 1 0.966834 -0.255405
405841 1 0.773357 -0.633971
406051 1 0.4399 -0.898047
406260 1 0.0266308 -0.999645
406470 1 -0.391665 -0.920108
406679 1 -0.739103 -0.673593
406889 1 -0.952473 -0.304622
407098 1 -0.992785 0.119909
407307 1 -0.852441 0.522823
407517 1 -0.556739 0.830687
407726 1 -0.159369 0.987219
407936 1 0.267285 0.963618
408145 1 0.645304 0.763926
408355 1 0.905472 0.424407
408564 1 0.999975 0.00701658
408774 1 0.911247 -0.411861
408983 1 0.655291 -0.755376
409192 1 0.278867 -0.96033
409402 1 -0.149005 -0.988836
409611 1 -0.549662 -0.835387
409821 1 -0.849258 -0.527978
410030 1 -0.992399 -0.123064
410240 1 -0.952429 0.304759
410449 1 -0.736463 0.676478
410659 1 -0.384182 0.923257
410868 1 0.0393946 0.999224
411077 1 0.455873 0.890045
411287 1 0.787981 0.6157
411496 1 0.973921 0.226889
411706 1 0.978912 -0.204283
411915 1 0.801758 -0.597649
412125 1 0.475186 -0.879885
412334 1 0.0598619 -0.998207
412543 1 -0.366832 -0.930287
412753 1 -0.725198 -0.68854
412962 1 -0.948118 -0.317918
413172 1 -0.993664 0.112393
413381 1 -0.853038 0.521848
413591 1 -0.552344 0.833616
413800 1 -0.147802 0.989017
414010 1 0.284711 0.958614
414219 1 0.663865 0.747852
414428 1 0.918183 0.396157
414638 1 0.999538 -0.0303819
414847 1 0.892327 -0.45139
415057 1 0.616521 -0.787338
415266 1 0.22402 -0.974585
415476 1 -0.211064 -0.977472
415685 1 -0.606368 -0.795184
415895 1 -0.886871 -0.462017
416104 1 -0.99916 -0.0409911
416313 1 -0.92165 0.388022
416523 1 -0.668808 0.743435
416732 1 -0.288514 0.957476
416942 1 0.146943 0.989145
417151 1 0.554573 0.832135
417361 1 0.856497 0.516152
417570 1 0.99485 0.101362
417779 1 0.942921 -0.333017
417989 1 0.710379 -0.70382
418198 1 0.34154 -0.939867
418408 1 -0.0930121 -0.995665
418617 1 -0.509902 -0.860233
418827 1 -0.828943 -0.559333
419036 1 -0.988589 -0.150638
419246 1 -0.95785 0.287269
419455 1 -0.742378 0.669982
419664 1 -0.383498 0.923542
419874 1 0.049652 0.998767
420083 1 0.4734 0.880847
420293 1 0.805692 0.592335
420502 1 0.981997 0.188894
420712 1 0.967889 -0.251378
420921 1 0.765831 -0.643042
421130 1 0.414824 -0.909902
421340 1 -0.0170533 -0.999855
421549 1 -0.445811 -0.895127
421759 1 -0.78786 -0.615854
421968 1 -0.976332 -0.216279
422178 1 -0.974191 0.225727
422387 1 -0.781581 0.623804
422597 1 -0.435922 0.899984
422806 1 -0.00470786 0.999989
423015 1 0.427629 0.903954
423225 1 0.776232 0.630448
423434 1 0.972489 0.23295
423644 1 0.977585 -0.210543
423853 1 0.790242 -0.612795
424063 1 0.447099 -0.894485
424272 1 0.0156127 -0.999878
424482 1 -0.419155 -0.907915
424691 1 -0.771288 -0.636486
424900 1 -0.971013 -0.239026
425110 1 -0.978564 0.205945
425319 1 -0.792168 0.610303
425529 1 -0.448529 0.893768
425738 1 -0.0156615 0.999877
425948 1 0.420518 0.907284
426157 1 0.773228 0.634128
426366 1 0.972103 0.234553
426576 1 0.977278 -0.211964
426785 1 0.787442 -0.616389
426995 1 0.440236 -0.897882
427204 1 0.00485391 -0.999988
427414 1 -0.431699 -0.902018
427623 1 -0.781974 -0.623311
427833 1 -0.975613 -0.219496
428042 1 -0.97353 0.228558
428251 1 -0.775865 0.630899
428461 1 -0.422088 0.906555
428670 1 0.0168106 0.999859
428880 1 0.452522 0.891753
