-0.000249634 3.99407e-25 -7.15207e-11
-0.00024939 7.86542e-26 -1.14685e-10
-0.000249146 -1.49648e-24 -1.37455e-10
-0.000248902 -4.50959e-24 -1.33316e-10
-0.000248658 -8.67357e-24 -1.00852e-10
-0.000248414 -1.31812e-23 -4.44571e-11
-0.00024817 -1.67533e-23 2.61157e-11
-0.000247926 -1.78053e-23 9.73545e-11
-0.000247682 -1.47418e-23 1.54495e-10
-0.000247438 -6.36267e-24 1.84485e-10
-0.000247194 7.66397e-24 1.78822e-10
-0.00024695 2.63468e-23 1.35675e-10
-0.000246706 4.70484e-23 6.07974e-11
-0.000246462 6.54308e-23 -3.30515e-11
-0.000246218 7.57991e-23 -1.28171e-10
-0.000245974 7.19317e-23 -2.05153e-10
-0.00024573 4.84062e-23 -2.46716e-10
-0.000245486 2.30762e-24 -2.41406e-10
-0.000245242 -6.49369e-23 -1.86389e-10
-0.000244998 -1.45999e-22 -8.87161e-11
-0.000244754 -2.26876e-22 3.53275e-11
-0.00024451 -2.87434e-22 1.62792e-10
-0.000244265 -3.03723e-22 2.68173e-10
-0.000244021 -2.52243e-22 3.2836e-10
-0.000243777 -1.15963e-22 3.27475e-10
-0.000243533 1.08636e-22 2.60635e-10
-0.000243289 4.04813e-22 1.35792e-10
-0.000243045 7.30894e-22 -2.68436e-11
-0.000242801 1.01974e-21 -1.97886e-10
-0.000242557 1.18427e-21 -3.4391e-10
-0.000242313 1.1303e-21 -4.33782e-10
-0.000242069 7.76611e-22 -4.45024e-10
-0.000241825 8.04913e-23 -3.68942e-10
-0.000241581 -9.35282e-22 -2.13418e-10
-0.000241337 -2.16e-21 -2.64464e-12
-0.000241093 -3.38455e-21 2.26368e-10
-0.000240849 -4.31065e-21 4.30073e-10
-0.000240605 -4.58574e-21 5.6642e-10
-0.000240361 -3.86599e-21 6.03201e-10
-0.000240117 -1.9037e-21 5.25104e-10
-0.000239873 1.35178e-21 3.38002e-10
-0.000239629 5.65877e-21 6.94463e-11
-0.000239385 1.04191e-20 -2.35011e-10
-0.000239141 1.46737e-20 -5.19259e-10
-0.000238897 1.71838e-20 -7.2666e-10
-0.000238653 1.66141e-20 -8.10943e-10
-0.000238409 1.18151e-20 -7.45903e-10
-0.000238165 2.1778e-21 -5.31975e-10
-0.000237921 -1.19958e-20 -1.9819e-10
-0.000237677 -2.91886e-20 2.012e-10
-0.000237433 -4.65321e-20 5.95154e-10
-0.000237189 -5.99394e-20 9.08101e-10
-0.000236945 -6.45862e-20 1.07397e-09
-0.000236701 -5.57638e-20 1.04946e-09
-0.000236457 -3.00542e-20 8.23933e-10
-0.000236213 1.33275e-20 4.23957e-10
-0.000235969 7.12759e-20 -8.89352e-11
-0.000235725 1.35958e-19 -6.27161e-10
-0.000235481 1.94767e-19 -1.09158e-09
-0.000235237 2.31394e-19 -1.38918e-09
-0.000234993 2.28218e-19 -1.45099e-09
-0.000234749 1.6995e-19 -1.24671e-09
-0.000234505 4.81997e-20 -7.93258e-10
-0.000234261 -1.33789e-19 -1.55225e-10
-0.000234017 -3.57269e-19 5.63591e-10
-0.000233773 -5.86259e-19 1.23644e-09
-0.000233529 -7.69191e-19 1.7353e-09
-0.000233285 -8.449e-19 1.95443e-09
-0.000233041 -7.5322e-19 1.83142e-09
-0.000232796 -4.49508e-19 1.36189e-09
-0.000232552 7.8791e-20 6.04649e-10
-0.000232308 7.96659e-19 -3.24424e-10
-0.000232064 1.61113e-18 -1.26924e-09
-0.00023182 2.37049e-18 -2.05895e-09
-0.000231576 2.87684e-18 -2.53787e-09
-0.000231332 2.9144e-18 -2.59481e-09
-0.000231088 2.29277e-18 -2.1865e-09
-0.000230844 9.01014e-19 -1.35037e-09
-0.0002306 -1.23614e-18 -2.0373e-10
-0.000230356 -3.91206e-18 1.07138e-09
-0.000230112 -6.71664e-18 2.25613e-09
-0.000229868 -9.05364e-18 3.13135e-09
-0.000229624 -1.02077e-17 3.51664e-09
-0.00022938 -9.4641e-18 3.30531e-09
-0.000229136 -6.2738e-18 2.4888e-09
-0.000228892 -4.41826e-19 1.16527e-09
-0.000228648 7.69496e-18 -4.69939e-10
-0.000228404 1.7146e-17 -2.15179e-09
-0.00022816 2.62501e-17 -3.58719e-09
-0.000227916 3.28053e-17 -4.50451e-09
-0.000227672 3.43717e-17 -4.7028e-09
-0.000227428 2.87393e-17 -4.09211e-09
-0.000227184 1.45163e-17 -2.71724e-09
-0.00022694 -8.25322e-18 -7.59597e-10
-0.000226696 -3.75732e-17 1.48449e-09
-0.000226452 -6.92339e-17 3.64696e-09
-0.000226208 -9.69587e-17 5.34665e-09
-0.000225964 -1.13072e-16 6.25422e-09
-0.00022572 -1.09724e-16 6.15272e-09
-0.000225476 -8.06018e-17 4.98292e-09
-0.000225232 -2.28983e-17 2.86478e-09
-0.000224988 6.07928e-17 8.96687e-11
-0.000224744 1.61129e-16 -2.91725e-09
-0.0002245 2.61702e-16 -5.66003e-09
-0.000224256 3.402e-16 -7.65137e-09
-0.000224012 3.713e-16 -8.496e-09
-0.000223768 3.31251e-16 -7.96421e-09
-0.000223524 2.03728e-16 -6.04241e-09
-0.00022328 -1.39359e-17 -2.95068e-09
-0.000223036 -3.05367e-16 8.77754e-10
-0.000222792 -6.3214e-16 4.85436e-09
-0.000222548 -9.34621e-16 8.32298e-09
-0.000222304 -1.13779e-15 1.06649e-08
-0.00022206 -1.16251e-15 1.14047e-08
-0.000221816 -9.41537e-16 1.02995e-08
-0.000221571 -4.38408e-16 7.39555e-09
-0.000221327 3.33994e-16 3.04095e-09
-0.000221083 1.29945e-15 -2.15117e-09
-0.000220839 2.31356e-15 -7.38517e-09
-0.000220595 3.17226e-15 -1.18014e-08
-0.000220351 3.63622e-15 -1.46128e-08
-0.000220107 3.4712e-15 -1.52393e-08
-0.000219863 2.50074e-15 -1.3417e-08
-0.000219619 6.63832e-16 -9.26276e-09
-0.000219375 -1.93338e-15 -3.28202e-09
-0.000219131 -4.98514e-15 3.68687e-09
-0.000218887 -7.98621e-15 1.05856e-08
-0.000218643 -1.02752e-14 1.62919e-08
-0.000218399 -1.11262e-14 1.97963e-08
-0.000218155 -9.88329e-15 2.03728e-08
-0.000217911 -6.12519e-15 1.77144e-08
-0.000217667 1.68805e-16 1.20115e-08
-0.000217423 8.48441e-15 3.95501e-09
-0.000217179 1.77099e-14 -5.33947e-09
-0.000216935 2.61816e-14 -1.44805e-08
-0.000216691 3.18615e-14 -2.20033e-08
-0.000216447 3.26518e-14 -2.65966e-08
-0.000216203 2.68214e-14 -2.73209e-08
-0.000215959 1.3489e-14 -2.37817e-08
-0.000215715 -6.92239e-15 -1.62285e-08
-0.000215471 -3.23651e-14 -5.55896e-09
-0.000215227 -5.90902e-14 6.77771e-09
-0.000214983 -8.19069e-14 1.89707e-08
-0.000214739 -9.48258e-14 2.91054e-08
-0.000214495 -9.20686e-14 3.5455e-08
-0.000214251 -6.93435e-14 3.67608e-08
-0.000214007 -2.51988e-14 3.24588e-08
-0.000213763 3.78061e-14 2.28134e-08
-0.000213519 1.12413e-13 8.93175e-09
-0.000213275 1.86748e-13 -7.35019e-09
-0.000213031 2.45397e-13 -2.37014e-08
-0.000212787 2.71528e-13 -3.76198e-08
-0.000212543 2.49953e-13 -4.68032e-08
-0.000212299 1.70751e-13 -4.95138e-08
-0.000212055 3.28795e-14 -4.488e-08
-0.000211811 -1.52989e-13 -3.30854e-08
-0.000211567 -3.63203e-13 -1.54112e-08
-0.000211323 -5.62172e-13 5.88538e-09
-0.000211079 -7.06159e-13 2.78471e-08
-0.000210835 -7.49836e-13 4.72154e-08
-0.000210591 -6.55061e-13 6.08993e-08
-0.000210347 -4.00702e-13 6.64497e-08
-0.000210102 8.18837e-15 6.24659e-08
-0.000209858 5.33916e-13 4.88741e-08
-0.000209614 1.10447e-12 2.70235e-08
-0.00020937 1.61834e-12 -4.19933e-10
-0.000209126 1.95662e-12 -2.97833e-08
-0.000208882 2.00203e-12 -5.68628e-08
-0.000208638 1.66288e-12 -7.75086e-08
-0.000208394 8.98544e-13 -8.82379e-08
-0.00020815 -2.58269e-13 -8.67885e-08
-0.000207906 -1.68784e-12 -7.25279e-08
-0.000207662 -3.18338e-12 -4.66509e-08
-0.000207418 -4.46828e-12 -1.21232e-08
-0.000207174 -5.23194e-12 2.6636e-08
-0.00020693 -5.18197e-12 6.42998e-08
-0.000206686 -4.10676e-12 9.53463e-08
-0.000206442 -1.93882e-12 1.14841e-07
-0.000206198 1.19358e-12 1.19185e-07
-0.000205954 4.93958e-12 1.06715e-07
-0.00020571 8.73556e-12 7.8065e-08
-0.000205466 1.18593e-11 3.6223e-08
-0.000205222 1.3529e-11 -1.37477e-08
-0.000204978 1.304e-11 -6.52946e-08
-0.000204734 9.92094e-12 -1.11212e-07
-0.00020449 4.08558e-12 -1.44617e-07
-0.000204246 -4.05236e-12 -1.59943e-07
-0.000204002 -1.35311e-11 -1.53805e-07
-0.000203758 -2.28869e-11 -1.25611e-07
-0.000203514 -3.03078e-11 -7.78196e-08
-0.00020327 -3.38929e-11 -1.5791e-08
-0.000203026 -3.19932e-11 5.27821e-08
-0.000202782 -2.35879e-11 1.18797e-07
-0.000202538 -8.63355e-12 1.72918e-07
-0.000202294 1.16873e-11 2.06847e-07
-0.00020205 3.48906e-11 2.14544e-07
-0.000201806 5.73426e-11 1.93189e-07
-0.000201562 7.46661e-11 1.43774e-07
-0.000201318 8.23833e-11 7.12007e-08
-0.000201074 7.6731e-11 -1.6146e-08
-0.00020083 5.55327e-11 -1.07329e-07
-0.000200586 1.89802e-11 -1.90188e-07
-0.000200342 -2.98461e-11 -2.52916e-07
-0.000200098 -8.48727e-11 -2.85678e-07
-0.000199854 -1.37462e-10 -2.8206e-07
-0.00019961 -1.77413e-10 -2.40141e-07
-0.000199366 -1.9448e-10 -1.63028e-07
-0.000199122 -1.80247e-10 -5.87452e-08
-0.000198878 -1.30077e-10 6.05422e-08
-0.000198633 -4.48205e-11 1.79896e-07
-0.000198389 6.81141e-11 2.83426e-07
-0.000198145 1.94643e-10 3.5634e-07
-0.000197901 3.1508e-10 3.86969e-07
-0.000197657 4.06462e-10 3.68497e-07
-0.000197413 4.45972e-10 3.00152e-07
-0.000197169 4.15072e-10 1.87669e-07
-0.000196925 3.03758e-10 4.29298e-08
-0.000196681 1.14175e-10 -1.17221e-07
-0.000196437 -1.37163e-10 -2.72877e-07
-0.000196193 -4.19266e-10 -4.03475e-07
-0.000195949 -6.89113e-10 -4.90428e-07
-0.000195705 -8.96742e-10 -5.19646e-07
-0.000195461 -9.92616e-10 -4.8362e-07
-0.000195217 -9.36429e-10 -3.82789e-07
-0.000194973 -7.06072e-10 -2.25944e-07
-0.000194729 -3.05212e-10 -2.96011e-08
-0.000194485 2.32118e-10 1.83652e-07
-0.000194241 8.41325e-10 3.87684e-07
-0.000193997 1.43234e-09 5.55926e-07
-0.000193753 1.90013e-09 6.64727e-07
-0.000193509 2.13985e-09 6.96509e-07
-0.000193265 2.0649e-09 6.42345e-07
-0.000193021 1.62532e-09 5.03589e-07
-0.000192777 8.23422e-10 2.92304e-07
-0.000192533 -2.76596e-10 3.03783e-08
-0.000192289 -1.54772e-09 -2.52641e-07
-0.000192045 -2.80975e-09 -5.22784e-07
-0.000191801 -3.8497e-09 -7.45624e-07
-0.000191557 -4.45154e-09 -8.90518e-07
-0.000191313 -4.43181e-09 -9.34618e-07
-0.000191069 -3.67638e-09 -8.66135e-07
-0.000190825 -2.17206e-09 -6.8643e-07
-0.000190581 -2.7154e-11 -4.10599e-07
-0.000190337 2.52463e-09 -6.64155e-08
-0.000190093 5.14033e-09 3.08334e-07
-0.000189849 7.40477e-09 6.6988e-07
-0.000189605 8.88596e-09 9.73443e-07
-0.000189361 9.20277e-09 1.1786e-06
-0.000189117 8.09584e-09 1.25442e-06
-0.000188873 5.49071e-09 1.18373e-06
-0.000188629 1.54147e-09 9.65939e-07
-0.000188385 -3.35533e-09 6.1809e-07
-0.000188141 -8.58361e-09 1.73776e-07
-0.000187897 -1.33697e-08 -3.19913e-07
-0.000187653 -1.688e-08 -8.07235e-07
-0.000187408 -1.83434e-08 -1.22992e-06
-0.000187164 -1.71841e-08 -1.53394e-06
-0.00018692 -1.31441e-08 -1.67609e-06
-0.000186676 -6.37483e-09 -1.6297e-06
-0.000186432 2.52103e-09 -1.38871e-06
-0.000186188 1.25126e-08 -9.69463e-07
-0.000185944 2.22339e-08 -4.1011e-07
-0.0001857 3.01442e-08 2.32663e-07
-0.000185456 3.47389e-08 8.89182e-07
-0.000185212 3.47871e-08 1.48414e-06
-0.000184968 2.95625e-08 1.94499e-06
-0.000184724 1.90304e-08 2.21045e-06
-0.00018448 3.95682e-09 2.23817e-06
-0.000184236 -1.40888e-08 2.01063e-06
-0.000183992 -3.28532e-08 1.53851e-06
-0.000183748 -4.96386e-08 8.60967e-07
-0.000183504 -6.16434e-08 4.28106e-08
-0.00018326 -6.63672e-08 -8.31507e-07
-0.000183016 -6.20257e-08 -1.66635e-06
-0.000182772 -4.79176e-08 -2.36509e-06
-0.000182528 -2.46805e-08 -2.84091e-06
-0.000182284 5.61688e-09 -3.02708e-06
-0.00018204 3.95805e-08 -2.88553e-06
-0.000181796 7.28056e-08 -2.41261e-06
-0.000181552 1.00382e-07 -1.64135e-06
-0.000181308 1.17536e-07 -6.39786e-07
-0.000181064 1.20342e-07 4.94709e-07
-0.00018082 1.064e-07 1.64461e-06
-0.000180576 7.53776e-08 2.68409e-06
-0.000180332 2.93299e-08 3.49241e-06
-0.000180088 -2.72834e-08 3.96739e-06
-0.000179844 -8.79223e-08 4.03756e-06
-0.0001796 -1.44624e-07 3.67157e-06
-0.000179356 -1.88945e-07 2.88371e-06
-0.000179112 -2.13079e-07 1.73478e-06
-0.000178868 -2.1103e-07 3.27972e-07
-0.000178624 -1.79665e-07 -1.20004e-06
-0.00017838 -1.19502e-07 -2.69198e-06
-0.000178136 -3.50787e-08 -3.98577e-06
-0.000177892 6.51855e-08 -4.93159e-06
-0.000177648 1.69675e-07 -5.40846e-06
-0.000177404 2.64783e-07 -5.3386e-06
-0.00017716 3.36519e-07 -4.69792e-06
-0.000176916 3.72359e-07 -3.52135e-06
-0.000176672 3.63093e-07 -1.9022e-06
-0.000176428 3.04445e-07 1.4621e-08
-0.000176184 1.98204e-07 2.0451e-06
-0.000175939 5.26709e-08 3.98337e-06
-0.000175695 -1.17706e-07 5.62202e-06
-0.000175451 -2.93553e-07 6.77354e-06
-0.000175207 -4.52569e-07 7.2908e-06
-0.000174963 -5.72118e-07 7.0843e-06
-0.000174719 -6.32137e-07 6.13432e-06
-0.000174475 -6.18019e-07 4.49647e-06
-0.000174231 -5.23078e-07 2.29988e-06
-0.000173987 -3.50253e-07 -2.6233e-07
-0.000173743 -1.12749e-07 -2.94946e-06
-0.000173499 1.66575e-07 -5.49527e-06
-0.000173255 4.57103e-07 -7.63367e-06
-0.000173011 7.23529e-07 -9.12562e-06
-0.000172767 9.29826e-07 -9.78453e-06
-0.000172523 1.04369e-06 -9.49763e-06
-0.000172279 1.04093e-06 -8.24096e-06
-0.000172035 9.09337e-07 -6.08618e-06
-0.000171791 6.51322e-07 -3.1982e-06
-0.000171547 2.8511e-07 1.76574e-07
-0.000171303 -1.55969e-07 3.73061e-06
-0.000171059 -6.2608e-07 7.12254e-06
-0.000170815 -1.07126e-06 1.00092e-05
-0.000170571 -1.43518e-06 1.2079e-05
-0.000170327 -1.66572e-06 1.30843e-05
-0.000170083 -1.72163e-06 1.28684e-05
-0.000169839 -1.57851e-06 1.13853e-05
-0.000169595 -1.23327e-06 8.70995e-06
-0.000169351 -7.06468e-07 5.0362e-06
-0.000169107 -4.2055e-08 6.64446e-07
-0.000168863 6.95655e-07 -4.02233e-06
-0.000168619 1.42769e-06 -8.59123e-06
-0.000168375 2.06834e-06 -1.25985e-05
-0.000168131 2.53448e-06 -1.56311e-05
-0.000167887 2.75548e-06 -1.73477e-05
-0.000167643 2.68241e-06 -1.75145e-05
-0.000167399 2.29558e-06 -1.60322e-05
-0.000167155 1.60932e-06 -1.29519e-05
-0.000166911 6.73313e-07 -8.47754e-06
-0.000166667 -4.3003e-07 -2.95417e-06
-0.000166423 -1.59208e-06 3.15785e-06
-0.000166179 -2.68799e-06 9.32004e-06
-0.000165935 -3.58931e-06 1.49622e-05
-0.000165691 -4.17803e-06 1.95338e-05
-0.000165447 -4.36052e-06 2.25553e-05
-0.000165203 -4.07996e-06 2.36662e-05
-0.000164959 -3.32555e-06 2.26633e-05
-0.000164714 -2.13748e-06 1.95268e-05
-0.00016447 -6.06655e-07 1.44306e-05
-0.000164226 1.1311e-06 7.73545e-06
-0.000163982 2.90621e-06 -3.48631e-08
-0.000163738 4.53092e-06 -8.2335e-06
-0.000163494 5.81807e-06 -1.61431e-05
-0.00016325 6.60117e-06 -2.3037e-05
-0.000163006 6.75372e-06 -2.82438e-05
-0.000162762 6.20577e-06 -3.121e-05
-0.000162518 4.95563e-06 -3.15548e-05
-0.000162274 3.0753e-06 -2.91114e-05
-0.00016203 7.08499e-07 -2.39519e-05
-0.000161786 -1.93893e-06 -1.63917e-05
-0.000161542 -4.61572e-06 -6.97271e-06
-0.000161298 -7.04782e-06 3.57365e-06
-0.000161054 -8.96499e-06 1.43821e-05
-0.00016081 -1.01288e-05 2.45228e-05
-0.000160566 -1.03592e-05 3.30792e-05
-0.000160322 -9.55759e-06 3.9228e-05
-0.000160078 -7.72198e-06 4.23145e-05
-0.000159834 -4.95477e-06 4.19166e-05
-0.00015959 -1.45962e-06 3.78913e-05
-0.000159346 2.47165e-06 3.03994e-05
-0.000159102 6.48201e-06 1.9905e-05
-0.000158858 1.018e-05 7.15016e-06
-0.000158614 1.31762e-05 -6.89655e-06
-0.00015837 1.51216e-05 -2.11114e-05
-0.000158126 1.57446e-05 -3.43035e-05
-0.000157882 1.48832e-05 -4.5312e-05
-0.000157638 1.25077e-05 -5.31044e-05
-0.000157394 8.73311e-06 -5.68685e-05
-0.00015715 3.81749e-06 -5.60896e-05
-0.000156906 -1.85316e-06 -5.0606e-05
-0.000156662 -7.79332e-06 -4.06378e-05
-0.000156418 -1.34576e-05 -2.67854e-05
-0.000156174 -1.82886e-05 -9.99601e-06
-0.00015593 -2.17689e-05 8.49826e-06
-0.000155686 -2.34723e-05 2.72693e-05
-0.000155442 -2.31097e-05 4.48006e-05
-0.000155198 -2.05649e-05 5.96068e-05
-0.000154954 -1.59169e-05 7.03549e-05
-0.00015471 -9.44453e-06 7.59782e-05
-0.000154466 -1.6136e-06 7.57737e-05
-0.000154222 6.95394e-06 6.94734e-05
-0.000153978 1.55273e-05 5.72845e-05
-0.000153734 2.33266e-05 3.98925e-05
-0.00015349 2.95905e-05 1.84269e-05
-0.000153245 3.36464e-05 -5.60892e-06
-0.000153001 3.49761e-05 -3.04414e-05
-0.000152757 3.32722e-05 -5.41546e-05
-0.000152513 2.84777e-05 -7.48343e-05
-0.000152269 2.08069e-05 -9.07175e-05
-0.000152025 1.07421e-05 -0.000100336
-0.000151781 -9.9242e-07 -0.000102644
-0.000151537 -1.34797e-05 -9.71123e-05
-0.000151293 -2.56793e-05 -8.37949e-05
-0.000151049 -3.651e-05 -6.33462e-05
-0.000150805 -4.4942e-05 -3.6996e-05
-0.000150561 -5.00882e-05 -6.47922e-06
-0.000150317 -5.12893e-05 2.6076e-05
-0.000150073 -4.81832e-05 5.82934e-05
-0.000149829 -4.0753e-05 8.77183e-05
-0.000149585 -2.93481e-05 0.000111999
-0.000149341 -1.46756e-05 0.000129069
-0.000149097 2.23938e-06 0.000137311
-0.000148853 2.01216e-05 0.000135697
-0.000148609 3.75389e-05 0.000123888
-0.000148365 5.3012e-05 0.000102286
-0.000148121 6.51353e-05 7.20338e-05
-0.000147877 7.26966e-05 3.4962e-05
-0.000147633 7.47877e-05 -6.52086e-06
-0.000147389 7.0895e-05 -4.95802e-05
-0.000147145 6.09633e-05 -9.11457e-05
-0.000146901 4.54246e-05 -0.000128125
-0.000146657 2.51894e-05 -0.000157626
-0.000146413 1.59881e-06 -0.000177175
-0.000146169 -2.36601e-05 -0.000184909
-0.000145925 -4.86709e-05 -0.000179736
-0.000145681 -7.14285e-05 -0.000161439
-0.000145437 -8.99933e-05 -0.000130726
-0.000145193 -0.000102648 -8.92173e-05
-0.000144949 -0.000108044 -3.93655e-05
-0.000144705 -0.000105325 1.56875e-05
-0.000144461 -9.42221e-05 7.23033e-05
-0.000144217 -7.51006e-05 0.000126584
-0.000143973 -4.89669e-05 0.000174631
-0.000143729 -1.74221e-05 0.000212823
-0.000143485 1.74305e-05 0.000238069
-0.000143241 5.31215e-05 0.000248047
-0.000142997 8.69845e-05 0.000241391
-0.000142753 0.000116349 0.000217822
-0.000142509 0.000138741 0.000178204
-0.000142265 0.000152079 0.000124531
-0.00014202 0.000154849 5.98323e-05
-0.000141776 0.000146247 -1.19946e-05
-0.000141532 0.000126266 -8.6414e-05
-0.000141288 9.57451e-05 -0.000158533
-0.000141044 5.63389e-05 -0.000223418
-0.0001408 1.04404e-05 -0.00027642
-0.000140556 -3.89604e-05 -0.000313493
-0.000140312 -8.84657e-05 -0.000331487
-0.000140068 -0.000134497 -0.000328389
-0.000139824 -0.000173545 -0.00030349
-0.00013958 -0.000202423 -0.000257487
-0.000139336 -0.000218513 -0.000192481
-0.000139092 -0.000219975 -0.000111894
-0.000138848 -0.000205915 -2.02929e-05
-0.000138604 -0.000176492 7.68643e-05
-0.00013836 -0.000132952 0.000173549
-0.000138116 -7.75905e-05 0.000263527
-0.000137872 -1.36421e-05 0.000340755
-0.000137628 5.49056e-05 0.000399763
-0.000137384 0.000123553 0.000436033
-0.00013714 0.000187576 0.000446308
-0.000136896 0.00024234 0.000428847
-0.000136652 0.000283621 0.000383586
-0.000136408 0.000307911 0.000312198
-0.000136164 0.000312685 0.00021805
-0.00013592 0.000296617 0.000106054
-0.000135676 0.000259717 -1.75909e-05
-0.000135432 0.000203391 -0.000145728
-0.000135188 0.000130403 -0.000270657
-0.000134944 4.47524e-05 -0.000384585
-0.0001347 -4.85403e-05 -0.000480098
-0.000134456 -0.00014372 -0.000550624
-0.000134212 -0.000234645 -0.000590863
-0.000133968 -0.000315169 -0.000597144
-0.000133724 -0.000379543 -0.000567705
-0.00013348 -0.000422801 -0.000502858
-0.000133236 -0.000441116 -0.000405044
-0.000132992 -0.000432086 -0.000278752
-0.000132748 -0.000394951 -0.000130325
-0.000132504 -0.000330703 3.23552e-05
-0.00013226 -0.000242099 0.00020028
-0.000132016 -0.000133549 0.000363807
-0.000131772 -1.09139e-05 0.0005132
-0.000131528 0.000118811 0.000639195
-0.000131284 0.000247882 0.000733551
-0.00013104 0.000368261 0.000789556
-0.000130796 0.0004721 0.000802465
-0.000130551 0.00055223 0.000769835
-0.000130307 0.000602628 0.000691736
-0.000130063 0.000618824 0.000570827
-0.000129819 0.000598239 0.000412286
-0.000129575 0.000540406 0.000223602
-0.000129331 0.00044708 1.42202e-05
-0.000129087 0.000322219 -0.000204922
-0.000128843 0.000171826 -0.000421959
-0.000128599 3.6742e-06 -0.000624729
-0.000128355 -0.000173095 -0.000801438
-0.000128111 -0.000348454 -0.00094132
-0.000127867 -0.000512048 -0.00103526
-0.000127623 -0.000653784 -0.00107635
-0.000127379 -0.000764434 -0.00106033
-0.000127135 -0.000836195 -0.000985879
-0.000126891 -0.000863193 -0.000854814
-0.000126647 -0.000841886 -0.000672058
-0.000126403 -0.000771357 -0.000445481
-0.000126159 -0.00065345 -0.00018556
-0.000125915 -0.000492769 9.50938e-05
-0.000125671 -0.000296513 0.000382346
-0.000125427 -7.41636e-05 0.00066124
-0.000125183 0.000162969 0.000916757
-0.000124939 0.000402311 0.00113461
-0.000124695 0.000630677 0.00130199
-0.000124451 0.000834983 0.00140832
-0.000124207 0.00100296 0.00144582
-0.000123963 0.00112387 0.00141
-0.000123719 0.00118911 0.00130001
-0.000123475 0.00119279 0.00111878
-0.000123231 0.00113212 0.000872951
-0.000122987 0.00100766 0.000572675
-0.000122743 0.000823416 0.000231187
-0.000122499 0.000586722 -0.000135773
-0.000122255 0.000307972 -0.000510678
-0.000122011 1.64e-07 -0.000875045
-0.000121767 -0.000321696 -0.00121032
-0.000121523 -0.000641317 -0.00149881
-0.000121279 -0.000941933 -0.00172457
-0.000121035 -0.00120715 -0.00187423
-0.000120791 -0.00142183 -0.00193773
-0.000120547 -0.00157287 -0.00190892
-0.000120303 -0.00164997 -0.00178593
-0.000120059 -0.00164623 -0.00157139
-0.000119815 -0.00155862 -0.00127243
-0.000119571 -0.00138822 -0.000900455
-0.000119327 -0.00114033 -0.000470727
-0.000119082 -0.000824327 -1.71393e-06
-0.000118838 -0.000453292 0.000485681
-0.000118594 -4.34994e-05 0.000969046
-0.00011835 0.000386298 0.00142548
-0.000118106 0.00081572 0.00183264
-0.000117862 0.00122371 0.00216982
-0.000117618 0.00158953 0.00241894
-0.000117374 0.0018938 0.00256543
-0.00011713 0.00211946 0.00259903
-0.000116886 0.00225264 0.00251437
-0.000116642 0.00228344 0.0023113
-0.000116398 0.00220653 0.00199505
-0.000116154 0.0020215 0.00157616
-0.00011591 0.00173303 0.00107008
-0.000115666 0.00135082 0.00049666
-0.000115422 0.000889275 -0.000120688
-0.000115178 0.000366963 -0.000755899
-0.000114934 -0.000194127 -0.00138136
-0.00011469 -0.000769509 -0.0019691
-0.000114446 -0.00133325 -0.002492
-0.000114202 -0.00185914 -0.002925
-0.000113958 -0.00232183 -0.00324624
-0.000113714 -0.00269805 -0.00343812
-0.00011347 -0.00296771 -0.00348809
-0.000113226 -0.00311485 -0.00338939
-0.000112982 -0.00312851 -0.00314143
-0.000112738 -0.0030033 -0.00274997
-0.000112494 -0.00273984 -0.00222702
-0.00011225 -0.00234485 -0.00159051
-0.000112006 -0.00183102 -0.000863606
-0.000111762 -0.00121662 -7.39449e-05
-0.000111518 -0.000524848 0.000747481
-0.000111274 0.00021707 0.00156751
-0.00011103 0.000978916 0.00235213
-0.000110786 0.00172872 0.00306787
-0.000110542 0.00243408 0.00368318
-0.000110298 0.00306351 0.00416977
-0.000110054 0.00358782 0.00450381
-0.00010981 0.00398138 0.00466702
-0.000109566 0.00422328 0.00464751
-0.000109322 0.00429831 0.00444041
-0.000109078 0.00419775 0.0040482
-0.000108834 0.00391987 0.00348081
-0.00010859 0.00347016 0.00275534
-0.000108346 0.00286129 0.00189555
-0.000108102 0.00211277 0.000931104
-0.000107857 0.00125029 -0.000103486
-0.000107613 0.000304847 -0.00117011
-0.000107369 -0.000688355 -0.00222842
-0.000107125 -0.00169125 -0.0032374
-0.000106881 -0.00266432 -0.00415685
-0.000106637 -0.00356816 -0.00494899
-0.000106393 -0.004365 -0.00557992
-0.000106149 -0.00502023 -0.00602099
-0.000105905 -0.00550382 -0.00624998
-0.000105661 -0.00579158 -0.00625207
-0.000105417 -0.0058662 -0.0060205
-0.000105173 -0.00571812 -0.00555707
-0.000104929 -0.00534598 -0.00487213
-0.000104685 -0.00475694 -0.00398447
-0.000104441 -0.00396651 -0.00292073
-0.000104197 -0.00299818 -0.00171461
-0.000103953 -0.00188272 -0.000405773
-0.000103709 -0.000657149 0.00096146
-0.000103465 0.000636474 0.00233962
-0.000103221 0.00195251 0.00367972
-0.000102977 0.00324336 0.00493297
-0.000102733 0.00446111 0.00605254
-0.000102489 0.00555933 0.00699517
-0.000102245 0.00649473 0.00772285
-0.000102001 0.00722882 0.00820415
-0.000101757 0.00772935 0.0084155
-0.000101513 0.00797158 0.00834211
-0.000101269 0.00793932 0.00797864
-0.000101025 0.00762567 0.00732958
-0.000100781 0.0070334 0.00640921
-0.000100537 0.00617507 0.00524136
-0.000100293 0.00507279 0.00385872
-0.000100049 0.00375758 0.00230192
-9.98048e-05 0.00226852 0.000618299
-9.95608e-05 0.000651549 -0.00113955
-9.93167e-05 -0.00104199 -0.00291544
-9.90727e-05 -0.00275698 -0.00465134
-9.88287e-05 -0.0044363 -0.00628932
-9.85847e-05 -0.00602271 -0.00777336
-9.83407e-05 -0.00746079 -0.00905124
-9.80966e-05 -0.00869875 -0.0100763
-9.78526e-05 -0.00969025 -0.010809
-9.76086e-05 -0.010396 -0.0112183
-9.73646e-05 -0.0107851 -0.0112828
-9.71205e-05 -0.0108362 -0.0109915
-9.68765e-05 -0.0105387 -0.0103444
-9.66325e-05 -0.00989247 -0.00935276
-9.63885e-05 -0.00890888 -0.00803862
-9.61445e-05 -0.00761009 -0.00643453
-9.59004e-05 -0.00602876 -0.00458264
-9.56564e-05 -0.00420707 -0.00253354
-9.54124e-05 -0.00219563 -0.000344839
-9.51684e-05 -5.202e-05 0.00192045
-9.49244e-05 0.00216092 0.00419578
-9.46803e-05 0.0043769 0.00641299
-9.44363e-05 0.00652817 0.00850433
-9.41923e-05 0.00854758 0.0104045
-9.39483e-05 0.0103706 0.0120525
-9.37042e-05 0.0119373 0.0133937
-9.34602e-05 0.0131942 0.0143814
-9.32162e-05 0.014096 0.0149782
-9.29722e-05 0.0146071 0.0151574
-9.27282e-05 0.0147026 0.014904
-9.24841e-05 0.0143693 0.0142147
-9.22401e-05 0.0136063 0.013099
-9.19961e-05 0.012425 0.0115783
-9.17521e-05 0.0108493 0.00968623
-9.15081e-05 0.00891454 0.00746704
-9.1264e-05 0.00666726 0.00497513
-9.102e-05 0.00416355 0.00227337
-9.0776e-05 0.00146781 -0.000568451
-9.0532e-05 -0.00134898 -0.00347546
-9.02879e-05 -0.00421119 -0.00636971
-9.00439e-05 -0.00704054 -0.00917225
-8.97999e-05 -0.00975825 -0.0118052
-8.95559e-05 -0.0122872 -0.014194
-8.93119e-05 -0.014554 -0.0162693
-8.90678e-05 -0.0164912 -0.0179689
-8.88238e-05 -0.0180389 -0.0192394
-8.85798e-05 -0.0191466 -0.020038
-8.83358e-05 -0.0197748 -0.0203334
-8.80918e-05 -0.0198958 -0.0201068
-8.78477e-05 -0.0194951 -0.0193527
-8.76037e-05 -0.0185713 -0.0180792
-8.73597e-05 -0.0171368 -0.0163074
-8.71157e-05 -0.0152173 -0.0140718
-8.68716e-05 -0.0128514 -0.011419
-8.66276e-05 -0.0100899 -0.00840687
-8.63836e-05 -0.00699444 -0.00510304
-8.61396e-05 -0.00363593 -0.00158355
-8.58956e-05 -9.31682e-05 0.00206911
-8.56515e-05 0.00354924 0.00576791
-8.54075e-05 0.0072029 0.00942343
-8.51635e-05 0.0107778 0.0129459
-8.49195e-05 0.0141843 0.0162476
-8.46755e-05 0.0173359 0.0192445
-8.44314e-05 0.0201506 0.0218591
-8.41874e-05 0.0225535 0.0240214
-8.39434e-05 0.0244783 0.0256713
-8.36994e-05 0.0258694 0.0267599
-8.34553e-05 0.0266829 0.0272507
-8.32113e-05 0.0268878 0.0271204
-8.29673e-05 0.026467 0.0263599
-8.27233e-05 0.0254177 0.0249743
-8.24793e-05 0.0237516 0.022983
-8.22352e-05 0.0214947 0.0204194
-8.19912e-05 0.018687 0.0173303
-8.17472e-05 0.0153814 0.0137748
-8.15032e-05 0.0116428 0.00982321
-8.12592e-05 0.00754675 0.00555534
-8.10151e-05 0.00317764 0.00105913
-8.07711e-05 -0.0013729 -0.00357144
-8.05271e-05 -0.00600811 -0.0082383
-8.02831e-05 -0.0106281 -0.0128414
-8.0039e-05 -0.0151322 -0.0172808
-7.9795e-05 -0.0194207 -0.0214588
-7.9551e-05 -0.0233976 -0.0252823
-7.9307e-05 -0.0269721 -0.0286643
-7.9063e-05 -0.0300613 -0.0315261
-7.88189e-05 -0.032591 -0.0337991
-7.85749e-05 -0.0344981 -0.0354257
-7.83309e-05 -0.0357319 -0.0363614
-7.80869e-05 -0.0362548 -0.0365749
-7.78429e-05 -0.0360434 -0.0360495
-7.75988e-05 -0.0350892 -0.034783
-7.73548e-05 -0.0333986 -0.0327883
-7.71108e-05 -0.0309928 -0.0300926
-7.68668e-05 -0.0279078 -0.0267375
-7.66227e-05 -0.0241932 -0.0227779
-7.63787e-05 -0.0199119 -0.0182812
-7.61347e-05 -0.0151384 -0.0133257
-7.58907e-05 -0.00995753 -0.00799938
-7.56467e-05 -0.00446297 -0.00239834
-7.54026e-05 0.00124465 0.00337529
-7.51586e-05 0.00705964 0.00921511
-7.49146e-05 0.0128732 0.0150125
-7.46706e-05 0.0185757 0.0206585
-7.44265e-05 0.0240584 0.0260462
-7.41825e-05 0.0292156 0.0310723
-7.39385e-05 0.0339468 0.0356392
-7.36945e-05 0.0381585 0.0396569
-7.34505e-05 0.0417657 0.0430445
-7.32064e-05 0.0446937 0.0457318
-7.29624e-05 0.0468795 0.0476603
-7.27184e-05 0.0482727 0.0487848
-7.24744e-05 0.0488367 0.0490735
-7.22304e-05 0.0485492 0.0485093
-7.19863e-05 0.0474026 0.0470894
-7.17423e-05 0.0454044 0.0448262
-7.14983e-05 0.0425767 0.0417463
-7.12543e-05 0.0389561 0.0378904
-7.10102e-05 0.0345931 0.0333128
-7.07662e-05 0.0295508 0.0280801
-7.05222e-05 0.0239045 0.0222703
-7.02782e-05 0.0177401 0.0159716
-7.00342e-05 0.0111526 0.00928073
-6.97901e-05 0.00424444 0.00230143
-6.95461e-05 -0.00287577 -0.00485718
-6.93021e-05 -0.0100954 -0.0120824
-6.90581e-05 -0.0172996 -0.0192599
-6.88141e-05 -0.0243729 -0.0262754
-6.857e-05 -0.0312015 -0.0330163
-6.8326e-05 -0.0376744 -0.0393739
-6.8082e-05 -0.043686 -0.0452449
-6.7838e-05 -0.0491371 -0.0505328
-6.75939e-05 -0.0539367 -0.0551496
-6.73499e-05 -0.0580032 -0.059017
-6.71059e-05 -0.0612658 -0.0620677
-6.68619e-05 -0.0636657 -0.0642464
-6.66179e-05 -0.0651566 -0.0655104
-6.63738e-05 -0.0657055 -0.0658303
-6.61298e-05 -0.0652934 -0.0651906
-6.58858e-05 -0.063915 -0.0635894
-6.56418e-05 -0.0615794 -0.0610391
-6.53978e-05 -0.0583093 -0.0575655
-6.51537e-05 -0.0541411 -0.0532076
-6.49097e-05 -0.049124 -0.0480171
-6.46657e-05 -0.0433193 -0.0420577
-6.44217e-05 -0.0367999 -0.0354038
-6.41776e-05 -0.0296484 -0.0281398
-6.39336e-05 -0.0219568 -0.0203585
-6.36896e-05 -0.0138245 -0.0121602
-6.34456e-05 -0.00535716 -0.00365103
-6.32016e-05 0.00333457 0.00505848
-6.29575e-05 0.012137 0.0138549
-6.27135e-05 0.0209345 0.0226233
-6.24695e-05 0.0296115 0.031249
-6.22255e-05 0.0380537 0.0396189
-6.19815e-05 0.0461496 0.0476232
-6.17374e-05 0.0537921 0.0551563
-6.14934e-05 0.0608797 0.0621188
-6.12494e-05 0.0673179 0.068418
-6.10054e-05 0.0730201 0.0739696
-6.07613e-05 0.0779089 0.0786987
-6.05173e-05 0.0819171 0.08254
-6.02733e-05 0.0849881 0.0854395
-6.00293e-05 0.0870767 0.0873543
-5.97853e-05 0.0881496 0.0882534
-5.95412e-05 0.0881858 0.0881178
-5.92972e-05 0.0871765 0.086941
-5.90532e-05 0.0851253 0.0847285
-5.88092e-05 0.0820479 0.0814979
-5.85652e-05 0.0779721 0.0772786
-5.83211e-05 0.072937 0.0721112
-5.80771e-05 0.0669928 0.066047
-5.78331e-05 0.0601996 0.0591475
-5.75891e-05 0.0526274 0.0514834
-5.7345e-05 0.0443544 0.0431337
-5.7101e-05 0.0354666 0.0341848
-5.6857e-05 0.0260566 0.0247295
-5.6613e-05 0.0162224 0.0148658
-5.6369e-05 0.00606632 0.00469615
-5.61249e-05 -0.00430605 -0.00567437
-5.58809e-05 -0.0147871 -0.0161386
-5.56369e-05 -0.0252684 -0.0265888
-5.53929e-05 -0.0356419 -0.0369175
-5.51489e-05 -0.0458008 -0.047019
-5.49048e-05 -0.0556409 -0.0567903
-5.46608e-05 -0.0650619 -0.0661318
-5.44168e-05 -0.0739676 -0.0749487
-5.41728e-05 -0.0822677 -0.083152
-5.39287e-05 -0.0898779 -0.0906586
-5.36847e-05 -0.0967212 -0.097393
-5.34407e-05 -0.102728 -0.103287
-5.31967e-05 -0.107839 -0.108282
-5.29527e-05 -0.112 -0.112325
-5.27086e-05 -0.115169 -0.115377
-5.24646e-05 -0.117313 -0.117404
-5.22206e-05 -0.118408 -0.118385
-5.19766e-05 -0.11844 -0.118306
-5.17326e-05 -0.117406 -0.117164
-5.14885e-05 -0.11531 -0.114967
-5.12445e-05 -0.112167 -0.111728
-5.10005e-05 -0.108002 -0.107475
-5.07565e-05 -0.102849 -0.102239
-5.05124e-05 -0.0967469 -0.0960637
-5.02684e-05 -0.0897467 -0.088998
-5.00244e-05 -0.0819045 -0.0810991
-4.97804e-05 -0.0732838 -0.0724304
-4.95364e-05 -0.0639538 -0.0630615
-4.92923e-05 -0.0539893 -0.0530672
-4.90483e-05 -0.0434697 -0.0425268
-4.88043e-05 -0.0324783 -0.0315234
-4.85603e-05 -0.0211014 -0.0201431
-4.83163e-05 -0.00942773 -0.00847448
-4.80722e-05 0.00245228 0.00339255
-4.78282e-05 0.0144475 0.0153672
-4.75842e-05 0.0264668 0.0273589
-4.73402e-05 0.0384195 0.0392773
-4.70961e-05 0.0502164 0.051034
-4.68521e-05 0.0617705 0.0625423
-4.66081e-05 0.072997 0.0737183
-4.63641e-05 0.0838149 0.0844815
-4.61201e-05 0.0941468 0.094755
-4.5876e-05 0.10392 0.104466
-4.5632e-05 0.113065 0.113548
-4.5388e-05 0.12152 0.121938
-4.5144e-05 0.129226 0.129578
-4.49e-05 0.136134 0.136418
-4.46559e-05 0.142196 0.142414
-4.44119e-05 0.147373 0.147525
-4.41679e-05 0.151634 0.15172
-4.39239e-05 0.154951 0.154974
-4.36798e-05 0.157304 0.157266
-4.34358e-05 0.158682 0.158585
-4.31918e-05 0.159077 0.158923
-4.29478e-05 0.158488 0.158281
-4.27038e-05 0.156923 0.156666
-4.24597e-05 0.154392 0.154089
-4.22157e-05 0.150914 0.150569
-4.19717e-05 0.146513 0.146129
-4.17277e-05 0.141216 0.140798
-4.14837e-05 0.135059 0.13461
-4.12396e-05 0.128079 0.127604
-4.09956e-05 0.120318 0.119822
-4.07516e-05 0.111825 0.11131
-4.05076e-05 0.102647 0.102119
-4.02635e-05 0.0928396 0.0923017
-4.00195e-05 0.0824575 0.0819139
-3.97755e-05 0.0715593 0.0710137
-3.95315e-05 0.060205 0.0596609
-3.92875e-05 0.0484561 0.0479171
-3.90434e-05 0.0363754 0.0358446
-3.87994e-05 0.0240262 0.0235067
-3.85554e-05 0.0114722 0.0109667
-3.83114e-05 -0.00122303 -0.0017119
-3.80673e-05 -0.0139963 -0.0144662
-3.78233e-05 -0.0267851 -0.027234
-3.75793e-05 -0.0395282 -0.0399542
-3.73353e-05 -0.0521656 -0.052567
-3.70913e-05 -0.064639 -0.0650144
-3.68472e-05 -0.076892 -0.0772404
-3.66032e-05 -0.0888705 -0.0891908
-3.63592e-05 -0.100523 -0.100814
-3.61152e-05 -0.111799 -0.112062
-3.58712e-05 -0.122654 -0.122887
-3.56271e-05 -0.133043 -0.133247
-3.53831e-05 -0.142927 -0.143101
-3.51391e-05 -0.152268 -0.152413
-3.48951e-05 -0.161031 -0.161148
-3.4651e-05 -0.169187 -0.169275
-3.4407e-05 -0.176707 -0.176768
-3.4163e-05 -0.183569 -0.183603
-3.3919e-05 -0.18975 -0.18976
-3.3675e-05 -0.195235 -0.19522
-3.34309e-05 -0.200009 -0.199971
-3.31869e-05 -0.204061 -0.204001
-3.29429e-05 -0.207384 -0.207304
-3.26989e-05 -0.209975 -0.209875
-3.24549e-05 -0.211831 -0.211713
-3.22108e-05 -0.212954 -0.21282
-3.19668e-05 -0.213349 -0.2132
-3.17228e-05 -0.213024 -0.212861
-3.14788e-05 -0.211987 -0.211812
-3.12347e-05 -0.210252 -0.210067
-3.09907e-05 -0.207834 -0.207639
-3.07467e-05 -0.204748 -0.204545
-3.05027e-05 -0.201014 -0.200805
-3.02587e-05 -0.196652 -0.196438
-3.00146e-05 -0.191685 -0.191467
-2.97706e-05 -0.186136 -0.185916
-2.95266e-05 -0.180032 -0.179809
-2.92826e-05 -0.173397 -0.173175
-2.90386e-05 -0.16626 -0.166038
-2.87945e-05 -0.15865 -0.158429
-2.85505e-05 -0.150594 -0.150377
-2.83065e-05 -0.142124 -0.14191
-2.80625e-05 -0.133269 -0.133059
-2.78184e-05 -0.124061 -0.123856
-2.75744e-05 -0.114529 -0.114329
-2.73304e-05 -0.104704 -0.104511
-2.70864e-05 -0.0946182 -0.0944319
-2.68424e-05 -0.0843013 -0.0841223
-2.65983e-05 -0.073784 -0.0736125
-2.63543e-05 -0.063096 -0.0629326
-2.61103e-05 -0.0522671 -0.0521119
-2.58663e-05 -0.0413261 -0.0411794
-2.56223e-05 -0.0303014 -0.0301634
-2.53782e-05 -0.0192205 -0.0190912
-2.51342e-05 -0.00811024 -0.00798986
-2.48902e-05 0.00300341 0.00311489
-2.46462e-05 0.0140954 0.014198
-2.44021e-05 0.0251417 0.0252355
-2.41581e-05 0.0361191 0.0362042
-2.39141e-05 0.0470057 0.0470821
-2.36701e-05 0.0577804 0.0578484
-2.34261e-05 0.0684233 0.0684831
-2.3182e-05 0.0789157 0.0789674
-2.2938e-05 0.0892399 0.0892838
-2.2694e-05 0.0993794 0.0994157
-2.245e-05 0.109319 0.109348
-2.2206e-05 0.119044 0.119066
-2.19619e-05 0.128541 0.128557
-2.17179e-05 0.137799 0.137808
-2.14739e-05 0.146807 0.14681
-2.12299e-05 0.155554 0.155551
-2.09858e-05 0.164032 0.164024
-2.07418e-05 0.172234 0.172221
-2.04978e-05 0.180153 0.180135
-2.02538e-05 0.187783 0.187761
-2.00098e-05 0.195119 0.195093
-1.97657e-05 0.202158 0.202128
-1.95217e-05 0.208897 0.208864
-1.92777e-05 0.215335 0.215298
-1.90337e-05 0.221469 0.221429
-1.87897e-05 0.2273 0.227258
-1.85456e-05 0.232827 0.232783
-1.83016e-05 0.238054 0.238008
-1.80576e-05 0.24298 0.242933
-1.78136e-05 0.24761 0.247561
-1.75695e-05 0.251945 0.251895
-1.73255e-05 0.25599 0.255939
-1.70815e-05 0.259749 0.259697
-1.68375e-05 0.263227 0.263175
-1.65935e-05 0.266429 0.266376
-1.63494e-05 0.26936 0.269308
-1.61054e-05 0.272028 0.271975
-1.58614e-05 0.274437 0.274385
-1.56174e-05 0.276596 0.276545
-1.53734e-05 0.278511 0.27846
-1.51293e-05 0.280189 0.280139
-1.48853e-05 0.281638 0.281588
-1.46413e-05 0.282866 0.282817
-1.43973e-05 0.28388 0.283832
-1.41532e-05 0.284688 0.284642
-1.39092e-05 0.2853 0.285255
-1.36652e-05 0.285723 0.285679
-1.34212e-05 0.285965 0.285922
-1.31772e-05 0.286034 0.285993
-1.29331e-05 0.28594 0.2859
-1.26891e-05 0.28569 0.285652
-1.24451e-05 0.285293 0.285257
-1.22011e-05 0.284758 0.284723
-1.19571e-05 0.284092 0.284058
-1.1713e-05 0.283303 0.283272
-1.1469e-05 0.282401 0.282371
-1.1225e-05 0.281392 0.281364
-1.0981e-05 0.280286 0.280259
-1.07369e-05 0.279089 0.279063
-1.04929e-05 0.277809 0.277785
-1.02489e-05 0.276455 0.276432
-1.00049e-05 0.275032 0.275012
-9.76086e-06 0.27355 0.27353
-9.51684e-06 0.272014 0.271996
-9.27282e-06 0.270431 0.270415
-9.02879e-06 0.268809 0.268794
-8.78477e-06 0.267154 0.267141
-8.54075e-06 0.265472 0.26546
-8.29673e-06 0.26377 0.263759
-8.05271e-06 0.262053 0.262044
-7.80869e-06 0.260328 0.260319
-7.56467e-06 0.258599 0.258592
-7.32064e-06 0.256873 0.256867
-7.07662e-06 0.255155 0.25515
-6.8326e-06 0.25345 0.253446
-6.58858e-06 0.251762 0.251759
-6.34456e-06 0.250096 0.250094
-6.10054e-06 0.248457 0.248456
-5.85652e-06 0.246849 0.246849
-5.61249e-06 0.245277 0.245277
-5.36847e-06 0.243743 0.243745
-5.12445e-06 0.242252 0.242255
-4.88043e-06 0.240808 0.240811
-4.63641e-06 0.239413 0.239417
-4.39239e-06 0.238071 0.238076
-4.14837e-06 0.236786 0.236791
-3.90434e-06 0.235558 0.235564
-3.66032e-06 0.234392 0.234399
-3.4163e-06 0.23329 0.233297
-3.17228e-06 0.232255 0.232262
-2.92826e-06 0.231287 0.231294
-2.68424e-06 0.23039 0.230397
-2.44021e-06 0.229564 0.229572
-2.19619e-06 0.228813 0.228821
-1.95217e-06 0.228136 0.228145
-1.70815e-06 0.227536 0.227545
-1.46413e-06 0.227014 0.227023
-1.22011e-06 0.22657 0.22658
-9.76086e-07 0.226206 0.226216
-7.32064e-07 0.225922 0.225932
-4.88043e-07 0.225719 0.225729
-2.44021e-07 0.225597 0.225607
0 0.225556 0.225566
2.44021e-07 0.225597 0.225607
4.88043e-07 0.225719 0.225729
7.32064e-07 0.225922 0.225932
9.76086e-07 0.226206 0.226216
1.22011e-06 0.22657 0.22658
1.46413e-06 0.227014 0.227023
1.70815e-06 0.227536 0.227545
1.95217e-06 0.228136 0.228145
2.19619e-06 0.228813 0.228821
2.44021e-06 0.229564 0.229572
2.68424e-06 0.23039 0.230397
2.92826e-06 0.231287 0.231294
3.17228e-06 0.232255 0.232262
3.4163e-06 0.23329 0.233297
3.66032e-06 0.234392 0.234399
3.90434e-06 0.235558 0.235564
4.14837e-06 0.236786 0.236791
4.39239e-06 0.238071 0.238076
4.63641e-06 0.239413 0.239417
4.88043e-06 0.240808 0.240811
5.12445e-06 0.242252 0.242255
5.36847e-06 0.243743 0.243745
5.61249e-06 0.245277 0.245277
5.85652e-06 0.246849 0.246849
6.10054e-06 0.248457 0.248456
6.34456e-06 0.250096 0.250094
6.58858e-06 0.251762 0.251759
6.8326e-06 0.25345 0.253446
7.07662e-06 0.255155 0.25515
7.32064e-06 0.256873 0.256867
7.56467e-06 0.258599 0.258592
7.80869e-06 0.260328 0.260319
8.05271e-06 0.262053 0.262044
8.29673e-06 0.26377 0.263759
8.54075e-06 0.265472 0.26546
8.78477e-06 0.267154 0.267141
9.02879e-06 0.268809 0.268794
9.27282e-06 0.270431 0.270415
9.51684e-06 0.272014 0.271996
9.76086e-06 0.27355 0.27353
1.00049e-05 0.275032 0.275012
1.02489e-05 0.276455 0.276432
1.04929e-05 0.277809 0.277785
1.07369e-05 0.279089 0.279063
1.0981e-05 0.280286 0.280259
1.1225e-05 0.281392 0.281364
1.1469e-05 0.282401 0.282371
1.1713e-05 0.283303 0.283272
1.19571e-05 0.284092 0.284058
1.22011e-05 0.284758 0.284723
1.24451e-05 0.285293 0.285257
1.26891e-05 0.28569 0.285652
1.29331e-05 0.28594 0.2859
1.31772e-05 0.286034 0.285993
1.34212e-05 0.285965 0.285922
1.36652e-05 0.285723 0.285679
1.39092e-05 0.2853 0.285255
1.41532e-05 0.284688 0.284642
1.43973e-05 0.28388 0.283832
1.46413e-05 0.282866 0.282817
1.48853e-05 0.281638 0.281588
1.51293e-05 0.280189 0.280139
1.53734e-05 0.278511 0.27846
1.56174e-05 0.276596 0.276545
1.58614e-05 0.274437 0.274385
1.61054e-05 0.272028 0.271975
1.63494e-05 0.26936 0.269308
1.65935e-05 0.266429 0.266376
1.68375e-05 0.263227 0.263175
1.70815e-05 0.259749 0.259697
1.73255e-05 0.25599 0.255939
1.75695e-05 0.251945 0.251895
1.78136e-05 0.24761 0.247561
1.80576e-05 0.24298 0.242933
1.83016e-05 0.238054 0.238008
1.85456e-05 0.232827 0.232783
1.87897e-05 0.2273 0.227258
1.90337e-05 0.221469 0.221429
1.92777e-05 0.215335 0.215298
1.95217e-05 0.208897 0.208864
1.97657e-05 0.202158 0.202128
2.00098e-05 0.195119 0.195093
2.02538e-05 0.187783 0.187761
2.04978e-05 0.180153 0.180135
2.07418e-05 0.172234 0.172221
2.09858e-05 0.164032 0.164024
2.12299e-05 0.155554 0.155551
2.14739e-05 0.146807 0.14681
2.17179e-05 0.137799 0.137808
2.19619e-05 0.128541 0.128557
2.2206e-05 0.119044 0.119066
2.245e-05 0.109319 0.109348
2.2694e-05 0.0993794 0.0994157
2.2938e-05 0.0892399 0.0892838
2.3182e-05 0.0789157 0.0789674
2.34261e-05 0.0684233 0.0684831
2.36701e-05 0.0577804 0.0578484
2.39141e-05 0.0470057 0.0470821
2.41581e-05 0.0361191 0.0362042
2.44021e-05 0.0251417 0.0252355
2.46462e-05 0.0140954 0.014198
2.48902e-05 0.00300341 0.00311489
2.51342e-05 -0.00811024 -0.00798986
2.53782e-05 -0.0192205 -0.0190912
2.56223e-05 -0.0303014 -0.0301634
2.58663e-05 -0.0413261 -0.0411794
2.61103e-05 -0.0522671 -0.0521119
2.63543e-05 -0.063096 -0.0629326
2.65983e-05 -0.073784 -0.0736125
2.68424e-05 -0.0843013 -0.0841223
2.70864e-05 -0.0946182 -0.0944319
2.73304e-05 -0.104704 -0.104511
2.75744e-05 -0.114529 -0.114329
2.78184e-05 -0.124061 -0.123856
2.80625e-05 -0.133269 -0.133059
2.83065e-05 -0.142124 -0.14191
2.85505e-05 -0.150594 -0.150377
2.87945e-05 -0.15865 -0.158429
2.90386e-05 -0.16626 -0.166038
2.92826e-05 -0.173397 -0.173175
2.95266e-05 -0.180032 -0.179809
2.97706e-05 -0.186136 -0.185916
3.00146e-05 -0.191685 -0.191467
3.02587e-05 -0.196652 -0.196438
3.05027e-05 -0.201014 -0.200805
3.07467e-05 -0.204748 -0.204545
3.09907e-05 -0.207834 -0.207639
3.12347e-05 -0.210252 -0.210067
3.14788e-05 -0.211987 -0.211812
3.17228e-05 -0.213024 -0.212861
3.19668e-05 -0.213349 -0.2132
3.22108e-05 -0.212954 -0.21282
3.24549e-05 -0.211831 -0.211713
3.26989e-05 -0.209975 -0.209875
3.29429e-05 -0.207384 -0.207304
3.31869e-05 -0.204061 -0.204001
3.34309e-05 -0.200009 -0.199971
3.3675e-05 -0.195235 -0.19522
3.3919e-05 -0.18975 -0.18976
3.4163e-05 -0.183569 -0.183603
3.4407e-05 -0.176707 -0.176768
3.4651e-05 -0.169187 -0.169275
3.48951e-05 -0.161031 -0.161148
3.51391e-05 -0.152268 -0.152413
3.53831e-05 -0.142927 -0.143101
3.56271e-05 -0.133043 -0.133247
3.58712e-05 -0.122654 -0.122887
3.61152e-05 -0.111799 -0.112062
3.63592e-05 -0.100523 -0.100814
3.66032e-05 -0.0888705 -0.0891908
3.68472e-05 -0.076892 -0.0772404
3.70913e-05 -0.064639 -0.0650144
3.73353e-05 -0.0521656 -0.052567
3.75793e-05 -0.0395282 -0.0399542
3.78233e-05 -0.0267851 -0.027234
3.80673e-05 -0.0139963 -0.0144662
3.83114e-05 -0.00122303 -0.0017119
3.85554e-05 0.0114722 0.0109667
3.87994e-05 0.0240262 0.0235067
3.90434e-05 0.0363754 0.0358446
3.92875e-05 0.0484561 0.0479171
3.95315e-05 0.060205 0.0596609
3.97755e-05 0.0715593 0.0710137
4.00195e-05 0.0824575 0.0819139
4.02635e-05 0.0928396 0.0923017
4.05076e-05 0.102647 0.102119
4.07516e-05 0.111825 0.11131
4.09956e-05 0.120318 0.119822
4.12396e-05 0.128079 0.127604
4.14837e-05 0.135059 0.13461
4.17277e-05 0.141216 0.140798
4.19717e-05 0.146513 0.146129
4.22157e-05 0.150914 0.150569
4.24597e-05 0.154392 0.154089
4.27038e-05 0.156923 0.156666
4.29478e-05 0.158488 0.158281
4.31918e-05 0.159077 0.158923
4.34358e-05 0.158682 0.158585
4.36798e-05 0.157304 0.157266
4.39239e-05 0.154951 0.154974
4.41679e-05 0.151634 0.15172
4.44119e-05 0.147373 0.147525
4.46559e-05 0.142196 0.142414
4.49e-05 0.136134 0.136418
4.5144e-05 0.129226 0.129578
4.5388e-05 0.12152 0.121938
4.5632e-05 0.113065 0.113548
4.5876e-05 0.10392 0.104466
4.61201e-05 0.0941468 0.094755
4.63641e-05 0.0838149 0.0844815
4.66081e-05 0.072997 0.0737183
4.68521e-05 0.0617705 0.0625423
4.70961e-05 0.0502164 0.051034
4.73402e-05 0.0384195 0.0392773
4.75842e-05 0.0264668 0.0273589
4.78282e-05 0.0144475 0.0153672
4.80722e-05 0.00245228 0.00339255
4.83163e-05 -0.00942773 -0.00847448
4.85603e-05 -0.0211014 -0.0201431
4.88043e-05 -0.0324783 -0.0315234
4.90483e-05 -0.0434697 -0.0425268
4.92923e-05 -0.0539893 -0.0530672
4.95364e-05 -0.0639538 -0.0630615
4.97804e-05 -0.0732838 -0.0724304
5.00244e-05 -0.0819045 -0.0810991
5.02684e-05 -0.0897467 -0.088998
5.05124e-05 -0.0967469 -0.0960637
5.07565e-05 -0.102849 -0.102239
5.10005e-05 -0.108002 -0.107475
5.12445e-05 -0.112167 -0.111728
5.14885e-05 -0.11531 -0.114967
5.17326e-05 -0.117406 -0.117164
5.19766e-05 -0.11844 -0.118306
5.22206e-05 -0.118408 -0.118385
5.24646e-05 -0.117313 -0.117404
5.27086e-05 -0.115169 -0.115377
5.29527e-05 -0.112 -0.112325
5.31967e-05 -0.107839 -0.108282
5.34407e-05 -0.102728 -0.103287
5.36847e-05 -0.0967212 -0.097393
5.39287e-05 -0.0898779 -0.0906586
5.41728e-05 -0.0822677 -0.083152
5.44168e-05 -0.0739676 -0.0749487
5.46608e-05 -0.0650619 -0.0661318
5.49048e-05 -0.0556409 -0.0567903
5.51489e-05 -0.0458008 -0.047019
5.53929e-05 -0.0356419 -0.0369175
5.56369e-05 -0.0252684 -0.0265888
5.58809e-05 -0.0147871 -0.0161386
5.61249e-05 -0.00430605 -0.00567437
5.6369e-05 0.00606632 0.00469615
5.6613e-05 0.0162224 0.0148658
5.6857e-05 0.0260566 0.0247295
5.7101e-05 0.0354666 0.0341848
5.7345e-05 0.0443544 0.0431337
5.75891e-05 0.0526274 0.0514834
5.78331e-05 0.0601996 0.0591475
5.80771e-05 0.0669928 0.066047
5.83211e-05 0.072937 0.0721112
5.85652e-05 0.0779721 0.0772786
5.88092e-05 0.0820479 0.0814979
5.90532e-05 0.0851253 0.0847285
5.92972e-05 0.0871765 0.086941
5.95412e-05 0.0881858 0.0881178
5.97853e-05 0.0881496 0.0882534
6.00293e-05 0.0870767 0.0873543
6.02733e-05 0.0849881 0.0854395
6.05173e-05 0.0819171 0.08254
6.07613e-05 0.0779089 0.0786987
6.10054e-05 0.0730201 0.0739696
6.12494e-05 0.0673179 0.068418
6.14934e-05 0.0608797 0.0621188
6.17374e-05 0.0537921 0.0551563
6.19815e-05 0.0461496 0.0476232
6.22255e-05 0.0380537 0.0396189
6.24695e-05 0.0296115 0.031249
6.27135e-05 0.0209345 0.0226233
6.29575e-05 0.012137 0.0138549
6.32016e-05 0.00333457 0.00505848
6.34456e-05 -0.00535716 -0.00365103
6.36896e-05 -0.0138245 -0.0121602
6.39336e-05 -0.0219568 -0.0203585
6.41776e-05 -0.0296484 -0.0281398
6.44217e-05 -0.0367999 -0.0354038
6.46657e-05 -0.0433193 -0.0420577
6.49097e-05 -0.049124 -0.0480171
6.51537e-05 -0.0541411 -0.0532076
6.53978e-05 -0.0583093 -0.0575655
6.56418e-05 -0.0615794 -0.0610391
6.58858e-05 -0.063915 -0.0635894
6.61298e-05 -0.0652934 -0.0651906
6.63738e-05 -0.0657055 -0.0658303
6.66179e-05 -0.0651566 -0.0655104
6.68619e-05 -0.0636657 -0.0642464
6.71059e-05 -0.0612658 -0.0620677
6.73499e-05 -0.0580032 -0.059017
6.75939e-05 -0.0539367 -0.0551496
6.7838e-05 -0.0491371 -0.0505328
6.8082e-05 -0.043686 -0.0452449
6.8326e-05 -0.0376744 -0.0393739
6.857e-05 -0.0312015 -0.0330163
6.88141e-05 -0.0243729 -0.0262754
6.90581e-05 -0.0172996 -0.0192599
6.93021e-05 -0.0100954 -0.0120824
6.95461e-05 -0.00287577 -0.00485718
6.97901e-05 0.00424444 0.00230143
7.00342e-05 0.0111526 0.00928073
7.02782e-05 0.0177401 0.0159716
7.05222e-05 0.0239045 0.0222703
7.07662e-05 0.0295508 0.0280801
7.10102e-05 0.0345931 0.0333128
7.12543e-05 0.0389561 0.0378904
7.14983e-05 0.0425767 0.0417463
7.17423e-05 0.0454044 0.0448262
7.19863e-05 0.0474026 0.0470894
7.22304e-05 0.0485492 0.0485093
7.24744e-05 0.0488367 0.0490735
7.27184e-05 0.0482727 0.0487848
7.29624e-05 0.0468795 0.0476603
7.32064e-05 0.0446937 0.0457318
7.34505e-05 0.0417657 0.0430445
7.36945e-05 0.0381585 0.0396569
7.39385e-05 0.0339468 0.0356392
7.41825e-05 0.0292156 0.0310723
7.44265e-05 0.0240584 0.0260462
7.46706e-05 0.0185757 0.0206585
7.49146e-05 0.0128732 0.0150125
7.51586e-05 0.00705964 0.00921511
7.54026e-05 0.00124465 0.00337529
7.56467e-05 -0.00446297 -0.00239834
7.58907e-05 -0.00995753 -0.00799938
7.61347e-05 -0.0151384 -0.0133257
7.63787e-05 -0.0199119 -0.0182812
7.66227e-05 -0.0241932 -0.0227779
7.68668e-05 -0.0279078 -0.0267375
7.71108e-05 -0.0309928 -0.0300926
7.73548e-05 -0.0333986 -0.0327883
7.75988e-05 -0.0350892 -0.034783
7.78429e-05 -0.0360434 -0.0360495
7.80869e-05 -0.0362548 -0.0365749
7.83309e-05 -0.0357319 -0.0363614
7.85749e-05 -0.0344981 -0.0354257
7.88189e-05 -0.032591 -0.0337991
7.9063e-05 -0.0300613 -0.0315261
7.9307e-05 -0.0269721 -0.0286643
7.9551e-05 -0.0233976 -0.0252823
7.9795e-05 -0.0194207 -0.0214588
8.0039e-05 -0.0151322 -0.0172808
8.02831e-05 -0.0106281 -0.0128414
8.05271e-05 -0.00600811 -0.0082383
8.07711e-05 -0.0013729 -0.00357144
8.10151e-05 0.00317764 0.00105913
8.12592e-05 0.00754675 0.00555534
8.15032e-05 0.0116428 0.00982321
8.17472e-05 0.0153814 0.0137748
8.19912e-05 0.018687 0.0173303
8.22352e-05 0.0214947 0.0204194
8.24793e-05 0.0237516 0.022983
8.27233e-05 0.0254177 0.0249743
8.29673e-05 0.026467 0.0263599
8.32113e-05 0.0268878 0.0271204
8.34553e-05 0.0266829 0.0272507
8.36994e-05 0.0258694 0.0267599
8.39434e-05 0.0244783 0.0256713
8.41874e-05 0.0225535 0.0240214
8.44314e-05 0.0201506 0.0218591
8.46755e-05 0.0173359 0.0192445
8.49195e-05 0.0141843 0.0162476
8.51635e-05 0.0107778 0.0129459
8.54075e-05 0.0072029 0.00942343
8.56515e-05 0.00354924 0.00576791
8.58956e-05 -9.31682e-05 0.00206911
8.61396e-05 -0.00363593 -0.00158355
8.63836e-05 -0.00699444 -0.00510304
8.66276e-05 -0.0100899 -0.00840687
8.68716e-05 -0.0128514 -0.011419
8.71157e-05 -0.0152173 -0.0140718
8.73597e-05 -0.0171368 -0.0163074
8.76037e-05 -0.0185713 -0.0180792
8.78477e-05 -0.0194951 -0.0193527
8.80918e-05 -0.0198958 -0.0201068
8.83358e-05 -0.0197748 -0.0203334
8.85798e-05 -0.0191466 -0.020038
8.88238e-05 -0.0180389 -0.0192394
8.90678e-05 -0.0164912 -0.0179689
8.93119e-05 -0.014554 -0.0162693
8.95559e-05 -0.0122872 -0.014194
8.97999e-05 -0.00975825 -0.0118052
9.00439e-05 -0.00704054 -0.00917225
9.02879e-05 -0.00421119 -0.00636971
9.0532e-05 -0.00134898 -0.00347546
9.0776e-05 0.00146781 -0.000568451
9.102e-05 0.00416355 0.00227337
9.1264e-05 0.00666726 0.00497513
9.15081e-05 0.00891454 0.00746704
9.17521e-05 0.0108493 0.00968623
9.19961e-05 0.012425 0.0115783
9.22401e-05 0.0136063 0.013099
9.24841e-05 0.0143693 0.0142147
9.27282e-05 0.0147026 0.014904
9.29722e-05 0.0146071 0.0151574
9.32162e-05 0.014096 0.0149782
9.34602e-05 0.0131942 0.0143814
9.37042e-05 0.0119373 0.0133937
9.39483e-05 0.0103706 0.0120525
9.41923e-05 0.00854758 0.0104045
9.44363e-05 0.00652817 0.00850433
9.46803e-05 0.0043769 0.00641299
9.49244e-05 0.00216092 0.00419578
9.51684e-05 -5.202e-05 0.00192045
9.54124e-05 -0.00219563 -0.000344839
9.56564e-05 -0.00420707 -0.00253354
9.59004e-05 -0.00602876 -0.00458264
9.61445e-05 -0.00761009 -0.00643453
9.63885e-05 -0.00890888 -0.00803862
9.66325e-05 -0.00989247 -0.00935276
9.68765e-05 -0.0105387 -0.0103444
9.71205e-05 -0.0108362 -0.0109915
9.73646e-05 -0.0107851 -0.0112828
9.76086e-05 -0.010396 -0.0112183
9.78526e-05 -0.00969025 -0.010809
9.80966e-05 -0.00869875 -0.0100763
9.83407e-05 -0.00746079 -0.00905124
9.85847e-05 -0.00602271 -0.00777336
9.88287e-05 -0.0044363 -0.00628932
9.90727e-05 -0.00275698 -0.00465134
9.93167e-05 -0.00104199 -0.00291544
9.95608e-05 0.000651549 -0.00113955
9.98048e-05 0.00226852 0.000618299
0.000100049 0.00375758 0.00230192
0.000100293 0.00507279 0.00385872
0.000100537 0.00617507 0.00524136
0.000100781 0.0070334 0.00640921
0.000101025 0.00762567 0.00732958
0.000101269 0.00793932 0.00797864
0.000101513 0.00797158 0.00834211
0.000101757 0.00772935 0.0084155
0.000102001 0.00722882 0.00820415
0.000102245 0.00649473 0.00772285
0.000102489 0.00555933 0.00699517
0.000102733 0.00446111 0.00605254
0.000102977 0.00324336 0.00493297
0.000103221 0.00195251 0.00367972
0.000103465 0.000636474 0.00233962
0.000103709 -0.000657149 0.00096146
0.000103953 -0.00188272 -0.000405773
0.000104197 -0.00299818 -0.00171461
0.000104441 -0.00396651 -0.00292073
0.000104685 -0.00475694 -0.00398447
0.000104929 -0.00534598 -0.00487213
0.000105173 -0.00571812 -0.00555707
0.000105417 -0.0058662 -0.0060205
0.000105661 -0.00579158 -0.00625207
0.000105905 -0.00550382 -0.00624998
0.000106149 -0.00502023 -0.00602099
0.000106393 -0.004365 -0.00557992
0.000106637 -0.00356816 -0.00494899
0.000106881 -0.00266432 -0.00415685
0.000107125 -0.00169125 -0.0032374
0.000107369 -0.000688355 -0.00222842
0.000107613 0.000304847 -0.00117011
0.000107857 0.00125029 -0.000103486
0.000108102 0.00211277 0.000931104
0.000108346 0.00286129 0.00189555
0.00010859 0.00347016 0.00275534
0.000108834 0.00391987 0.00348081
0.000109078 0.00419775 0.0040482
0.000109322 0.00429831 0.00444041
0.000109566 0.00422328 0.00464751
0.00010981 0.00398138 0.00466702
0.000110054 0.00358782 0.00450381
0.000110298 0.00306351 0.00416977
0.000110542 0.00243408 0.00368318
0.000110786 0.00172872 0.00306787
0.00011103 0.000978916 0.00235213
0.000111274 0.00021707 0.00156751
0.000111518 -0.000524848 0.000747481
0.000111762 -0.00121662 -7.39449e-05
0.000112006 -0.00183102 -0.000863606
0.00011225 -0.00234485 -0.00159051
0.000112494 -0.00273984 -0.00222702
0.000112738 -0.0030033 -0.00274997
0.000112982 -0.00312851 -0.00314143
0.000113226 -0.00311485 -0.00338939
0.00011347 -0.00296771 -0.00348809
0.000113714 -0.00269805 -0.00343812
0.000113958 -0.00232183 -0.00324624
0.000114202 -0.00185914 -0.002925
0.000114446 -0.00133325 -0.002492
0.00011469 -0.000769509 -0.0019691
0.000114934 -0.000194127 -0.00138136
0.000115178 0.000366963 -0.000755899
0.000115422 0.000889275 -0.000120688
0.000115666 0.00135082 0.00049666
0.00011591 0.00173303 0.00107008
0.000116154 0.0020215 0.00157616
0.000116398 0.00220653 0.00199505
0.000116642 0.00228344 0.0023113
0.000116886 0.00225264 0.00251437
0.00011713 0.00211946 0.00259903
0.000117374 0.0018938 0.00256543
0.000117618 0.00158953 0.00241894
0.000117862 0.00122371 0.00216982
0.000118106 0.00081572 0.00183264
0.00011835 0.000386298 0.00142548
0.000118594 -4.34994e-05 0.000969046
0.000118838 -0.000453292 0.000485681
0.000119082 -0.000824327 -1.71393e-06
0.000119327 -0.00114033 -0.000470727
0.000119571 -0.00138822 -0.000900455
0.000119815 -0.00155862 -0.00127243
0.000120059 -0.00164623 -0.00157139
0.000120303 -0.00164997 -0.00178593
0.000120547 -0.00157287 -0.00190892
0.000120791 -0.00142183 -0.00193773
0.000121035 -0.00120715 -0.00187423
0.000121279 -0.000941933 -0.00172457
0.000121523 -0.000641317 -0.00149881
0.000121767 -0.000321696 -0.00121032
0.000122011 1.64e-07 -0.000875045
0.000122255 0.000307972 -0.000510678
0.000122499 0.000586722 -0.000135773
0.000122743 0.000823416 0.000231187
0.000122987 0.00100766 0.000572675
0.000123231 0.00113212 0.000872951
0.000123475 0.00119279 0.00111878
0.000123719 0.00118911 0.00130001
0.000123963 0.00112387 0.00141
0.000124207 0.00100296 0.00144582
0.000124451 0.000834983 0.00140832
0.000124695 0.000630677 0.00130199
0.000124939 0.000402311 0.00113461
0.000125183 0.000162969 0.000916757
0.000125427 -7.41636e-05 0.00066124
0.000125671 -0.000296513 0.000382346
0.000125915 -0.000492769 9.50938e-05
0.000126159 -0.00065345 -0.00018556
0.000126403 -0.000771357 -0.000445481
0.000126647 -0.000841886 -0.000672058
0.000126891 -0.000863193 -0.000854814
0.000127135 -0.000836195 -0.000985879
0.000127379 -0.000764434 -0.00106033
0.000127623 -0.000653784 -0.00107635
0.000127867 -0.000512048 -0.00103526
0.000128111 -0.000348454 -0.00094132
0.000128355 -0.000173095 -0.000801438
0.000128599 3.6742e-06 -0.000624729
0.000128843 0.000171826 -0.000421959
0.000129087 0.000322219 -0.000204922
0.000129331 0.00044708 1.42202e-05
0.000129575 0.000540406 0.000223602
0.000129819 0.000598239 0.000412286
0.000130063 0.000618824 0.000570827
0.000130307 0.000602628 0.000691736
0.000130551 0.00055223 0.000769835
0.000130796 0.0004721 0.000802465
0.00013104 0.000368261 0.000789556
0.000131284 0.000247882 0.000733551
0.000131528 0.000118811 0.000639195
0.000131772 -1.09139e-05 0.0005132
0.000132016 -0.000133549 0.000363807
0.00013226 -0.000242099 0.00020028
0.000132504 -0.000330703 3.23552e-05
0.000132748 -0.000394951 -0.000130325
0.000132992 -0.000432086 -0.000278752
0.000133236 -0.000441116 -0.000405044
0.00013348 -0.000422801 -0.000502858
0.000133724 -0.000379543 -0.000567705
0.000133968 -0.000315169 -0.000597144
0.000134212 -0.000234645 -0.000590863
0.000134456 -0.00014372 -0.000550624
0.0001347 -4.85403e-05 -0.000480098
0.000134944 4.47524e-05 -0.000384585
0.000135188 0.000130403 -0.000270657
0.000135432 0.000203391 -0.000145728
0.000135676 0.000259717 -1.75909e-05
0.00013592 0.000296617 0.000106054
0.000136164 0.000312685 0.00021805
0.000136408 0.000307911 0.000312198
0.000136652 0.000283621 0.000383586
0.000136896 0.00024234 0.000428847
0.00013714 0.000187576 0.000446308
0.000137384 0.000123553 0.000436033
0.000137628 5.49056e-05 0.000399763
0.000137872 -1.36421e-05 0.000340755
0.000138116 -7.75905e-05 0.000263527
0.00013836 -0.000132952 0.000173549
0.000138604 -0.000176492 7.68643e-05
0.000138848 -0.000205915 -2.02929e-05
0.000139092 -0.000219975 -0.000111894
0.000139336 -0.000218513 -0.000192481
0.00013958 -0.000202423 -0.000257487
0.000139824 -0.000173545 -0.00030349
0.000140068 -0.000134497 -0.000328389
0.000140312 -8.84657e-05 -0.000331487
0.000140556 -3.89604e-05 -0.000313493
0.0001408 1.04404e-05 -0.00027642
0.000141044 5.63389e-05 -0.000223418
0.000141288 9.57451e-05 -0.000158533
0.000141532 0.000126266 -8.6414e-05
0.000141776 0.000146247 -1.19946e-05
0.00014202 0.000154849 5.98323e-05
0.000142265 0.000152079 0.000124531
0.000142509 0.000138741 0.000178204
0.000142753 0.000116349 0.000217822
0.000142997 8.69845e-05 0.000241391
0.000143241 5.31215e-05 0.000248047
0.000143485 1.74305e-05 0.000238069
0.000143729 -1.74221e-05 0.000212823
0.000143973 -4.89669e-05 0.000174631
0.000144217 -7.51006e-05 0.000126584
0.000144461 -9.42221e-05 7.23033e-05
0.000144705 -0.000105325 1.56875e-05
0.000144949 -0.000108044 -3.93655e-05
0.000145193 -0.000102648 -8.92173e-05
0.000145437 -8.99933e-05 -0.000130726
0.000145681 -7.14285e-05 -0.000161439
0.000145925 -4.86709e-05 -0.000179736
0.000146169 -2.36601e-05 -0.000184909
0.000146413 1.59881e-06 -0.000177175
0.000146657 2.51894e-05 -0.000157626
0.000146901 4.54246e-05 -0.000128125
0.000147145 6.09633e-05 -9.11457e-05
0.000147389 7.0895e-05 -4.95802e-05
0.000147633 7.47877e-05 -6.52086e-06
0.000147877 7.26966e-05 3.4962e-05
0.000148121 6.51353e-05 7.20338e-05
0.000148365 5.3012e-05 0.000102286
0.000148609 3.75389e-05 0.000123888
0.000148853 2.01216e-05 0.000135697
0.000149097 2.23938e-06 0.000137311
0.000149341 -1.46756e-05 0.000129069
0.000149585 -2.93481e-05 0.000111999
0.000149829 -4.0753e-05 8.77183e-05
0.000150073 -4.81832e-05 5.82934e-05
0.000150317 -5.12893e-05 2.6076e-05
0.000150561 -5.00882e-05 -6.47922e-06
0.000150805 -4.4942e-05 -3.6996e-05
0.000151049 -3.651e-05 -6.33462e-05
0.000151293 -2.56793e-05 -8.37949e-05
0.000151537 -1.34797e-05 -9.71123e-05
0.000151781 -9.9242e-07 -0.000102644
0.000152025 1.07421e-05 -0.000100336
0.000152269 2.08069e-05 -9.07175e-05
0.000152513 2.84777e-05 -7.48343e-05
0.000152757 3.32722e-05 -5.41546e-05
0.000153001 3.49761e-05 -3.04414e-05
0.000153245 3.36464e-05 -5.60892e-06
0.00015349 2.95905e-05 1.84269e-05
0.000153734 2.33266e-05 3.98925e-05
0.000153978 1.55273e-05 5.72845e-05
0.000154222 6.95394e-06 6.94734e-05
0.000154466 -1.6136e-06 7.57737e-05
0.00015471 -9.44453e-06 7.59782e-05
0.000154954 -1.59169e-05 7.03549e-05
0.000155198 -2.05649e-05 5.96068e-05
0.000155442 -2.31097e-05 4.48006e-05
0.000155686 -2.34723e-05 2.72693e-05
0.00015593 -2.17689e-05 8.49826e-06
0.000156174 -1.82886e-05 -9.99601e-06
0.000156418 -1.34576e-05 -2.67854e-05
0.000156662 -7.79332e-06 -4.06378e-05
0.000156906 -1.85316e-06 -5.0606e-05
0.00015715 3.81749e-06 -5.60896e-05
0.000157394 8.73311e-06 -5.68685e-05
0.000157638 1.25077e-05 -5.31044e-05
0.000157882 1.48832e-05 -4.5312e-05
0.000158126 1.57446e-05 -3.43035e-05
0.00015837 1.51216e-05 -2.11114e-05
0.000158614 1.31762e-05 -6.89655e-06
0.000158858 1.018e-05 7.15016e-06
0.000159102 6.48201e-06 1.9905e-05
0.000159346 2.47165e-06 3.03994e-05
0.00015959 -1.45962e-06 3.78913e-05
0.000159834 -4.95477e-06 4.19166e-05
0.000160078 -7.72198e-06 4.23145e-05
0.000160322 -9.55759e-06 3.9228e-05
0.000160566 -1.03592e-05 3.30792e-05
0.00016081 -1.01288e-05 2.45228e-05
0.000161054 -8.96499e-06 1.43821e-05
0.000161298 -7.04782e-06 3.57365e-06
0.000161542 -4.61572e-06 -6.97271e-06
0.000161786 -1.93893e-06 -1.63917e-05
0.00016203 7.08499e-07 -2.39519e-05
0.000162274 3.0753e-06 -2.91114e-05
0.000162518 4.95563e-06 -3.15548e-05
0.000162762 6.20577e-06 -3.121e-05
0.000163006 6.75372e-06 -2.82438e-05
0.00016325 6.60117e-06 -2.3037e-05
0.000163494 5.81807e-06 -1.61431e-05
0.000163738 4.53092e-06 -8.2335e-06
0.000163982 2.90621e-06 -3.48631e-08
0.000164226 1.1311e-06 7.73545e-06
0.00016447 -6.06655e-07 1.44306e-05
0.000164714 -2.13748e-06 1.95268e-05
0.000164959 -3.32555e-06 2.26633e-05
0.000165203 -4.07996e-06 2.36662e-05
0.000165447 -4.36052e-06 2.25553e-05
0.000165691 -4.17803e-06 1.95338e-05
0.000165935 -3.58931e-06 1.49622e-05
0.000166179 -2.68799e-06 9.32004e-06
0.000166423 -1.59208e-06 3.15785e-06
0.000166667 -4.3003e-07 -2.95417e-06
0.000166911 6.73313e-07 -8.47754e-06
0.000167155 1.60932e-06 -1.29519e-05
0.000167399 2.29558e-06 -1.60322e-05
0.000167643 2.68241e-06 -1.75145e-05
0.000167887 2.75548e-06 -1.73477e-05
0.000168131 2.53448e-06 -1.56311e-05
0.000168375 2.06834e-06 -1.25985e-05
0.000168619 1.42769e-06 -8.59123e-06
0.000168863 6.95655e-07 -4.02233e-06
0.000169107 -4.2055e-08 6.64446e-07
0.000169351 -7.06468e-07 5.0362e-06
0.000169595 -1.23327e-06 8.70995e-06
0.000169839 -1.57851e-06 1.13853e-05
0.000170083 -1.72163e-06 1.28684e-05
0.000170327 -1.66572e-06 1.30843e-05
0.000170571 -1.43518e-06 1.2079e-05
0.000170815 -1.07126e-06 1.00092e-05
0.000171059 -6.2608e-07 7.12254e-06
0.000171303 -1.55969e-07 3.73061e-06
0.000171547 2.8511e-07 1.76574e-07
0.000171791 6.51322e-07 -3.1982e-06
0.000172035 9.09337e-07 -6.08618e-06
0.000172279 1.04093e-06 -8.24096e-06
0.000172523 1.04369e-06 -9.49763e-06
0.000172767 9.29826e-07 -9.78453e-06
0.000173011 7.23529e-07 -9.12562e-06
0.000173255 4.57103e-07 -7.63367e-06
0.000173499 1.66575e-07 -5.49527e-06
0.000173743 -1.12749e-07 -2.94946e-06
0.000173987 -3.50253e-07 -2.6233e-07
0.000174231 -5.23078e-07 2.29988e-06
0.000174475 -6.18019e-07 4.49647e-06
0.000174719 -6.32137e-07 6.13432e-06
0.000174963 -5.72118e-07 7.0843e-06
0.000175207 -4.52569e-07 7.2908e-06
0.000175451 -2.93553e-07 6.77354e-06
0.000175695 -1.17706e-07 5.62202e-06
0.000175939 5.26709e-08 3.98337e-06
0.000176184 1.98204e-07 2.0451e-06
0.000176428 3.04445e-07 1.4621e-08
0.000176672 3.63093e-07 -1.9022e-06
0.000176916 3.72359e-07 -3.52135e-06
0.00017716 3.36519e-07 -4.69792e-06
0.000177404 2.64783e-07 -5.3386e-06
0.000177648 1.69675e-07 -5.40846e-06
0.000177892 6.51855e-08 -4.93159e-06
0.000178136 -3.50787e-08 -3.98577e-06
0.00017838 -1.19502e-07 -2.69198e-06
0.000178624 -1.79665e-07 -1.20004e-06
0.000178868 -2.1103e-07 3.27972e-07
0.000179112 -2.13079e-07 1.73478e-06
0.000179356 -1.88945e-07 2.88371e-06
0.0001796 -1.44624e-07 3.67157e-06
0.000179844 -8.79223e-08 4.03756e-06
0.000180088 -2.72834e-08 3.96739e-06
0.000180332 2.93299e-08 3.49241e-06
0.000180576 7.53776e-08 2.68409e-06
0.00018082 1.064e-07 1.64461e-06
0.000181064 1.20342e-07 4.94709e-07
0.000181308 1.17536e-07 -6.39786e-07
0.000181552 1.00382e-07 -1.64135e-06
0.000181796 7.28056e-08 -2.41261e-06
0.00018204 3.95805e-08 -2.88553e-06
0.000182284 5.61688e-09 -3.02708e-06
0.000182528 -2.46805e-08 -2.84091e-06
0.000182772 -4.79176e-08 -2.36509e-06
0.000183016 -6.20257e-08 -1.66635e-06
0.00018326 -6.63672e-08 -8.31507e-07
0.000183504 -6.16434e-08 4.28106e-08
0.000183748 -4.96386e-08 8.60967e-07
0.000183992 -3.28532e-08 1.53851e-06
0.000184236 -1.40888e-08 2.01063e-06
0.00018448 3.95682e-09 2.23817e-06
0.000184724 1.90304e-08 2.21045e-06
0.000184968 2.95625e-08 1.94499e-06
0.000185212 3.47871e-08 1.48414e-06
0.000185456 3.47389e-08 8.89182e-07
0.0001857 3.01442e-08 2.32663e-07
0.000185944 2.22339e-08 -4.1011e-07
0.000186188 1.25126e-08 -9.69463e-07
0.000186432 2.52103e-09 -1.38871e-06
0.000186676 -6.37483e-09 -1.6297e-06
0.00018692 -1.31441e-08 -1.67609e-06
0.000187164 -1.71841e-08 -1.53394e-06
0.000187408 -1.83434e-08 -1.22992e-06
0.000187653 -1.688e-08 -8.07235e-07
0.000187897 -1.33697e-08 -3.19913e-07
0.000188141 -8.58361e-09 1.73776e-07
0.000188385 -3.35533e-09 6.1809e-07
0.000188629 1.54147e-09 9.65939e-07
0.000188873 5.49071e-09 1.18373e-06
0.000189117 8.09584e-09 1.25442e-06
0.000189361 9.20277e-09 1.1786e-06
0.000189605 8.88596e-09 9.73443e-07
0.000189849 7.40477e-09 6.6988e-07
0.000190093 5.14033e-09 3.08334e-07
0.000190337 2.52463e-09 -6.64155e-08
0.000190581 -2.7154e-11 -4.10599e-07
0.000190825 -2.17206e-09 -6.8643e-07
0.000191069 -3.67638e-09 -8.66135e-07
0.000191313 -4.43181e-09 -9.34618e-07
0.000191557 -4.45154e-09 -8.90518e-07
0.000191801 -3.8497e-09 -7.45624e-07
0.000192045 -2.80975e-09 -5.22784e-07
0.000192289 -1.54772e-09 -2.52641e-07
0.000192533 -2.76596e-10 3.03783e-08
0.000192777 8.23422e-10 2.92304e-07
0.000193021 1.62532e-09 5.03589e-07
0.000193265 2.0649e-09 6.42345e-07
0.000193509 2.13985e-09 6.96509e-07
0.000193753 1.90013e-09 6.64727e-07
0.000193997 1.43234e-09 5.55926e-07
0.000194241 8.41325e-10 3.87684e-07
0.000194485 2.32118e-10 1.83652e-07
0.000194729 -3.05212e-10 -2.96011e-08
0.000194973 -7.06072e-10 -2.25944e-07
0.000195217 -9.36429e-10 -3.82789e-07
0.000195461 -9.92616e-10 -4.8362e-07
0.000195705 -8.96742e-10 -5.19646e-07
0.000195949 -6.89113e-10 -4.90428e-07
0.000196193 -4.19266e-10 -4.03475e-07
0.000196437 -1.37163e-10 -2.72877e-07
0.000196681 1.14175e-10 -1.17221e-07
0.000196925 3.03758e-10 4.29298e-08
0.000197169 4.15072e-10 1.87669e-07
0.000197413 4.45972e-10 3.00152e-07
0.000197657 4.06462e-10 3.68497e-07
0.000197901 3.1508e-10 3.86969e-07
0.000198145 1.94643e-10 3.5634e-07
0.000198389 6.81141e-11 2.83426e-07
0.000198633 -4.48205e-11 1.79896e-07
0.000198878 -1.30077e-10 6.05422e-08
0.000199122 -1.80247e-10 -5.87452e-08
0.000199366 -1.9448e-10 -1.63028e-07
0.00019961 -1.77413e-10 -2.40141e-07
0.000199854 -1.37462e-10 -2.8206e-07
0.000200098 -8.48727e-11 -2.85678e-07
0.000200342 -2.98461e-11 -2.52916e-07
0.000200586 1.89802e-11 -1.90188e-07
0.00020083 5.55327e-11 -1.07329e-07
0.000201074 7.6731e-11 -1.6146e-08
0.000201318 8.23833e-11 7.12007e-08
0.000201562 7.46661e-11 1.43774e-07
0.000201806 5.73426e-11 1.93189e-07
0.00020205 3.48906e-11 2.14544e-07
0.000202294 1.16873e-11 2.06847e-07
0.000202538 -8.63355e-12 1.72918e-07
0.000202782 -2.35879e-11 1.18797e-07
0.000203026 -3.19932e-11 5.27821e-08
0.00020327 -3.38929e-11 -1.5791e-08
0.000203514 -3.03078e-11 -7.78196e-08
0.000203758 -2.28869e-11 -1.25611e-07
0.000204002 -1.35311e-11 -1.53805e-07
0.000204246 -4.05236e-12 -1.59943e-07
0.00020449 4.08558e-12 -1.44617e-07
0.000204734 9.92094e-12 -1.11212e-07
0.000204978 1.304e-11 -6.52946e-08
0.000205222 1.3529e-11 -1.37477e-08
0.000205466 1.18593e-11 3.6223e-08
0.00020571 8.73556e-12 7.8065e-08
0.000205954 4.93958e-12 1.06715e-07
0.000206198 1.19358e-12 1.19185e-07
0.000206442 -1.93882e-12 1.14841e-07
0.000206686 -4.10676e-12 9.53463e-08
0.00020693 -5.18197e-12 6.42998e-08
0.000207174 -5.23194e-12 2.6636e-08
0.000207418 -4.46828e-12 -1.21232e-08
0.000207662 -3.18338e-12 -4.66509e-08
0.000207906 -1.68784e-12 -7.25279e-08
0.00020815 -2.58269e-13 -8.67885e-08
0.000208394 8.98544e-13 -8.82379e-08
0.000208638 1.66288e-12 -7.75086e-08
0.000208882 2.00203e-12 -5.68628e-08
0.000209126 1.95662e-12 -2.97833e-08
0.00020937 1.61834e-12 -4.19933e-10
0.000209614 1.10447e-12 2.70235e-08
0.000209858 5.33916e-13 4.88741e-08
0.000210102 8.18836e-15 6.24659e-08
0.000210347 -4.00703e-13 6.64497e-08
0.000210591 -6.55061e-13 6.08993e-08
0.000210835 -7.49836e-13 4.72154e-08
0.000211079 -7.06159e-13 2.78471e-08
0.000211323 -5.62172e-13 5.88538e-09
0.000211567 -3.63203e-13 -1.54112e-08
0.000211811 -1.52989e-13 -3.30854e-08
0.000212055 3.28796e-14 -4.488e-08
0.000212299 1.70751e-13 -4.95138e-08
0.000212543 2.49953e-13 -4.68032e-08
0.000212787 2.71528e-13 -3.76198e-08
0.000213031 2.45397e-13 -2.37014e-08
0.000213275 1.86748e-13 -7.35019e-09
0.000213519 1.12413e-13 8.93175e-09
0.000213763 3.78061e-14 2.28134e-08
0.000214007 -2.51988e-14 3.24588e-08
0.000214251 -6.93435e-14 3.67608e-08
0.000214495 -9.20686e-14 3.5455e-08
0.000214739 -9.48258e-14 2.91054e-08
0.000214983 -8.19069e-14 1.89707e-08
0.000215227 -5.90902e-14 6.77771e-09
0.000215471 -3.23651e-14 -5.55896e-09
0.000215715 -6.92239e-15 -1.62285e-08
0.000215959 1.3489e-14 -2.37817e-08
0.000216203 2.68214e-14 -2.73209e-08
0.000216447 3.26518e-14 -2.65966e-08
0.000216691 3.18615e-14 -2.20033e-08
0.000216935 2.61816e-14 -1.44805e-08
0.000217179 1.77099e-14 -5.33947e-09
0.000217423 8.48441e-15 3.95501e-09
0.000217667 1.68805e-16 1.20115e-08
0.000217911 -6.12519e-15 1.77144e-08
0.000218155 -9.88329e-15 2.03728e-08
0.000218399 -1.11262e-14 1.97963e-08
0.000218643 -1.02752e-14 1.62919e-08
0.000218887 -7.98621e-15 1.05856e-08
0.000219131 -4.98514e-15 3.68687e-09
0.000219375 -1.93338e-15 -3.28202e-09
0.000219619 6.63832e-16 -9.26276e-09
0.000219863 2.50074e-15 -1.3417e-08
0.000220107 3.4712e-15 -1.52393e-08
0.000220351 3.63622e-15 -1.46128e-08
0.000220595 3.17226e-15 -1.18014e-08
0.000220839 2.31356e-15 -7.38517e-09
0.000221083 1.29945e-15 -2.15117e-09
0.000221327 3.33994e-16 3.04095e-09
0.000221571 -4.38408e-16 7.39555e-09
0.000221816 -9.41537e-16 1.02995e-08
0.00022206 -1.16251e-15 1.14047e-08
0.000222304 -1.13779e-15 1.06649e-08
0.000222548 -9.3462e-16 8.32298e-09
0.000222792 -6.3214e-16 4.85436e-09
0.000223036 -3.05367e-16 8.77754e-10
0.00022328 -1.39359e-17 -2.95068e-09
0.000223524 2.03728e-16 -6.04241e-09
0.000223768 3.31251e-16 -7.96421e-09
0.000224012 3.713e-16 -8.496e-09
0.000224256 3.402e-16 -7.65137e-09
0.0002245 2.61702e-16 -5.66003e-09
0.000224744 1.61129e-16 -2.91725e-09
0.000224988 6.07928e-17 8.96687e-11
0.000225232 -2.28983e-17 2.86478e-09
0.000225476 -8.06018e-17 4.98292e-09
0.00022572 -1.09724e-16 6.15272e-09
0.000225964 -1.13072e-16 6.25422e-09
0.000226208 -9.69587e-17 5.34665e-09
0.000226452 -6.92339e-17 3.64696e-09
0.000226696 -3.75732e-17 1.48449e-09
0.00022694 -8.25322e-18 -7.59597e-10
0.000227184 1.45163e-17 -2.71724e-09
0.000227428 2.87393e-17 -4.09211e-09
0.000227672 3.43717e-17 -4.7028e-09
0.000227916 3.28053e-17 -4.50451e-09
0.00022816 2.62501e-17 -3.58719e-09
0.000228404 1.7146e-17 -2.15179e-09
0.000228648 7.69496e-18 -4.69939e-10
0.000228892 -4.41825e-19 1.16527e-09
0.000229136 -6.2738e-18 2.4888e-09
0.00022938 -9.4641e-18 3.30531e-09
0.000229624 -1.02077e-17 3.51664e-09
0.000229868 -9.05364e-18 3.13135e-09
0.000230112 -6.71664e-18 2.25613e-09
0.000230356 -3.91206e-18 1.07138e-09
0.0002306 -1.23614e-18 -2.0373e-10
0.000230844 9.01014e-19 -1.35037e-09
0.000231088 2.29277e-18 -2.1865e-09
0.000231332 2.9144e-18 -2.59481e-09
0.000231576 2.87684e-18 -2.53787e-09
0.00023182 2.37049e-18 -2.05895e-09
0.000232064 1.61113e-18 -1.26924e-09
0.000232308 7.96659e-19 -3.24424e-10
0.000232552 7.87911e-20 6.04649e-10
0.000232796 -4.49508e-19 1.36189e-09
0.000233041 -7.5322e-19 1.83142e-09
0.000233285 -8.449e-19 1.95443e-09
0.000233529 -7.69191e-19 1.7353e-09
0.000233773 -5.86259e-19 1.23644e-09
0.000234017 -3.57269e-19 5.63591e-10
0.000234261 -1.33789e-19 -1.55225e-10
0.000234505 4.81997e-20 -7.93258e-10
0.000234749 1.6995e-19 -1.24671e-09
0.000234993 2.28218e-19 -1.45099e-09
0.000235237 2.31394e-19 -1.38918e-09
0.000235481 1.94767e-19 -1.09158e-09
0.000235725 1.35958e-19 -6.27161e-10
0.000235969 7.12759e-20 -8.89352e-11
0.000236213 1.33276e-20 4.23957e-10
0.000236457 -3.00542e-20 8.23933e-10
0.000236701 -5.57638e-20 1.04946e-09
0.000236945 -6.45862e-20 1.07397e-09
0.000237189 -5.99394e-20 9.08101e-10
0.000237433 -4.65321e-20 5.95154e-10
0.000237677 -2.91886e-20 2.012e-10
0.000237921 -1.19958e-20 -1.9819e-10
0.000238165 2.1778e-21 -5.31975e-10
0.000238409 1.18151e-20 -7.45903e-10
0.000238653 1.66141e-20 -8.10943e-10
0.000238897 1.71838e-20 -7.2666e-10
0.000239141 1.46737e-20 -5.19259e-10
0.000239385 1.04191e-20 -2.35011e-10
0.000239629 5.65877e-21 6.94463e-11
0.000239873 1.35178e-21 3.38002e-10
0.000240117 -1.9037e-21 5.25104e-10
0.000240361 -3.86599e-21 6.03201e-10
0.000240605 -4.58574e-21 5.6642e-10
0.000240849 -4.31065e-21 4.30073e-10
0.000241093 -3.38455e-21 2.26368e-10
0.000241337 -2.15999e-21 -2.64464e-12
0.000241581 -9.35278e-22 -2.13418e-10
0.000241825 8.0497e-23 -3.68942e-10
0.000242069 7.76618e-22 -4.45024e-10
0.000242313 1.13031e-21 -4.33782e-10
0.000242557 1.18428e-21 -3.4391e-10
0.000242801 1.01974e-21 -1.97886e-10
0.000243045 7.30889e-22 -2.68436e-11
0.000243289 4.04801e-22 1.35792e-10
0.000243533 1.08615e-22 2.60635e-10
0.000243777 -1.15992e-22 3.27475e-10
0.000244021 -2.52275e-22 3.2836e-10
0.000244265 -3.03752e-22 2.68173e-10
0.00024451 -2.8745e-22 1.62792e-10
0.000244754 -2.2687e-22 3.53275e-11
0.000244998 -1.45962e-22 -8.87161e-11
0.000245242 -6.4863e-23 -1.86389e-10
0.000245486 2.41673e-24 -2.41406e-10
0.00024573 4.85391e-23 -2.46716e-10
0.000245974 7.20654e-23 -2.05153e-10
0.000246218 7.58995e-23 -1.28171e-10
0.000246462 6.54564e-23 -3.30515e-11
0.000246706 4.69571e-23 6.07974e-11
0.00024695 2.61069e-23 1.35675e-10
0.000247194 7.26696e-24 1.78822e-10
0.000247438 -6.88901e-24 1.84485e-10
0.000247682 -1.53235e-23 1.54495e-10
0.000247926 -1.83195e-23 9.73545e-11
0.00024817 -1.70371e-23 2.61157e-11
0.000248414 -1.30545e-23 -4.44571e-11
0.000248658 -7.97718e-24 -1.00852e-10
0.000248902 -3.1558e-24 -1.33316e-10
0.000249146 4.75622e-25 -1.37455e-10
0.00024939 2.45444e-24 -1.14685e-10
0.000249634 2.76237e-24 -7.15207e-11
0.000249878 1.74477e-24 -1.7935e-11
