0.0001 1
0.0011 1
0.0021 1
0.0032 1
0.0043 1
0.0053 1
0.0063 1
0.0073 1
0.0083 1
0.0094 1
0.0105 1
0.0116 1
0.0127 1
0.0138 1
0.0149 1
0.016 1
0.0171 1
0.0182 1.00001
0.0193 1.00001
0.0204 1.00001
0.0215 1.00001
0.0226 1.00001
0.0237 1.00001
0.0248 1.00001
0.0259 1.00001
0.027 1.00001
0.0281 1.00001
0.0292 1.00001
0.0303 1.00001
0.0313 1.00002
0.0323 1.00002
0.0333 1.00002
0.0343 1.00002
0.0353 1.00002
0.0363 1.00002
0.0373 1.00002
0.0383 1.00002
0.0393 1.00002
0.0403 1.00003
0.0413 1.00003
0.0423 1.00003
0.0433 1.00003
0.0443 1.00003
0.0453 1.00003
0.0463 1.00003
0.0473 1.00004
0.0483 1.00004
0.0493 1.00004
0.0503 1.00004
0.0513 1.00004
0.0523 1.00004
0.0533 1.00005
0.0543 1.00005
0.0553 1.00005
0.0563 1.00005
0.0573 1.00005
0.0583 1.00005
0.0593 1.00006
0.0603 1.00006
0.0613 1.00006
0.0623 1.00006
0.0633 1.00006
0.0643 1.00007
0.0653 1.00007
0.0663 1.00007
0.0673 1.00007
0.0683 1.00007
0.0693 1.00008
0.0703 1.00008
0.0713 1.00008
0.0723 1.00008
0.0733 1.00009
0.0743 1.00009
0.0753 1.00009
0.0763 1.00009
0.0773 1.0001
0.0783 1.0001
0.0793 1.0001
0.0803 1.0001
0.0813 1.00011
0.0823 1.00011
0.0833 1.00011
0.0843 1.00011
0.0853 1.00012
0.0863 1.00012
0.0873 1.00012
0.0883 1.00012
0.0893 1.00013
0.0903 1.00013
0.0913 1.00013
0.0923 1.00014
0.0933 1.00014
0.0943 1.00014
0.0953 1.00014
0.0963 1.00015
0.0973 1.00015
0.0983 1.00015
0.0993 1.00016
0.1003 1.00016
0.1013 1.00016
0.1023 1.00017
0.1033 1.00017
0.1043 1.00017
0.1053 1.00018
0.1063 1.00018
0.1073 1.00018
0.1083 1.00019
0.1093 1.00019
0.1103 1.00019
0.1113 1.0002
0.1123 1.0002
0.1133 1.0002
0.1143 1.00021
0.1153 1.00021
0.1163 1.00022
0.1173 1.00022
0.1183 1.00022
0.1193 1.00023
0.1203 1.00023
0.1213 1.00023
0.1223 1.00024
0.1233 1.00024
0.1243 1.00025
0.1253 1.00025
0.1264 1.00025
0.1275 1.00026
0.1286 1.00026
0.1297 1.00027
0.1308 1.00027
0.1319 1.00028
0.133 1.00028
0.1341 1.00029
0.1352 1.00029
0.1363 1.0003
0.1374 1.0003
0.1385 1.00031
0.1396 1.00031
0.1407 1.00032
0.1418 1.00032
0.1429 1.00032
0.144 1.00033
0.1451 1.00034
0.1462 1.00034
0.1473 1.00035
0.1484 1.00035
0.1495 1.00036
0.1506 1.00036
0.1517 1.00037
0.1528 1.00037
0.1539 1.00038
0.155 1.00038
0.1561 1.00039
0.1572 1.00039
0.1583 1.0004
0.1594 1.0004
0.1605 1.00041
0.1616 1.00042
0.1627 1.00042
0.1638 1.00043
0.1649 1.00043
0.166 1.00044
0.1671 1.00044
0.1682 1.00045
0.1693 1.00046
0.1704 1.00046
0.1715 1.00047
0.1726 1.00047
0.1737 1.00048
0.1748 1.00049
0.1759 1.00049
0.177 1.0005
0.1781 1.0005
0.1792 1.00051
0.1803 1.00052
0.1814 1.00052
0.1825 1.00053
0.1836 1.00054
0.1847 1.00054
0.1858 1.00055
0.1869 1.00056
0.188 1.00056
0.1891 1.00057
0.1902 1.00058
0.1913 1.00058
0.1924 1.00059
0.1935 1.0006
0.1946 1.0006
0.1957 1.00061
0.1968 1.00062
0.1979 1.00062
0.199 1.00063
0.2001 1.00064
0.2012 1.00064
0.2023 1.00065
0.2034 1.00066
0.2045 1.00067
0.2056 1.00067
0.2067 1.00068
0.2078 1.00069
0.2089 1.00069
0.21 1.0007
0.2111 1.00071
0.2122 1.00072
0.2133 1.00072
0.2144 1.00073
0.2155 1.00074
0.2166 1.00075
0.2177 1.00075
0.2188 1.00076
0.2199 1.00077
0.221 1.00078
0.2221 1.00079
0.2232 1.00079
0.2243 1.0008
0.2254 1.00081
0.2265 1.00082
0.2276 1.00082
0.2287 1.00083
0.2298 1.00084
0.2309 1.00085
0.232 1.00086
0.2331 1.00087
0.2342 1.00087
0.2353 1.00088
0.2364 1.00089
0.2375 1.0009
0.2386 1.00091
0.2397 1.00091
0.2408 1.00092
0.2419 1.00093
0.243 1.00094
0.2441 1.00095
0.2452 1.00096
0.2463 1.00097
0.2474 1.00097
0.2485 1.00098
0.2496 1.00099
0.2507 1.001
0.2518 1.00101
0.2529 1.00102
0.254 1.00103
0.2551 1.00104
0.2562 1.00105
0.2573 1.00105
0.2584 1.00106
0.2595 1.00107
0.2606 1.00108
0.2617 1.00109
0.2628 1.0011
0.2639 1.00111
0.265 1.00112
0.2661 1.00113
0.2672 1.00114
0.2683 1.00115
0.2694 1.00116
0.2705 1.00117
0.2716 1.00117
0.2727 1.00118
0.2738 1.00119
0.2749 1.0012
0.276 1.00121
0.2771 1.00122
0.2782 1.00123
0.2793 1.00124
0.2804 1.00125
0.2815 1.00126
0.2826 1.00127
0.2837 1.00128
0.2848 1.00129
0.2859 1.0013
0.287 1.00131
0.2881 1.00132
0.2892 1.00133
0.2903 1.00134
0.2914 1.00135
0.2925 1.00136
0.2936 1.00137
0.2947 1.00138
0.2958 1.00139
0.2969 1.0014
0.298 1.00141
0.2991 1.00143
0.3002 1.00144
0.3013 1.00145
0.3024 1.00146
0.3035 1.00147
0.3046 1.00148
0.3057 1.00149
0.3068 1.0015
0.3079 1.00151
0.309 1.00152
0.3101 1.00153
0.3112 1.00154
0.3123 1.00155
0.3134 1.00157
0.3145 1.00158
0.3156 1.00159
0.3167 1.0016
0.3178 1.00161
0.3189 1.00162
0.32 1.00163
0.3211 1.00164
0.3222 1.00165
0.3233 1.00167
0.3244 1.00168
0.3255 1.00169
0.3266 1.0017
0.3277 1.00171
0.3288 1.00172
0.3299 1.00173
0.331 1.00175
0.3321 1.00176
0.3332 1.00177
0.3343 1.00178
0.3354 1.00179
0.3365 1.0018
0.3376 1.00182
0.3387 1.00183
0.3398 1.00184
0.3409 1.00185
0.342 1.00186
0.3431 1.00188
0.3442 1.00189
0.3453 1.0019
0.3464 1.00191
0.3475 1.00192
0.3486 1.00194
0.3497 1.00195
0.3508 1.00196
0.3519 1.00197
0.353 1.00199
0.3541 1.002
0.3552 1.00201
0.3563 1.00202
0.3574 1.00204
0.3585 1.00205
0.3596 1.00206
0.3607 1.00207
0.3618 1.00209
0.3629 1.0021
0.364 1.00211
0.3651 1.00213
0.3662 1.00214
0.3673 1.00215
0.3684 1.00216
0.3695 1.00218
0.3706 1.00219
0.3717 1.0022
0.3728 1.00222
0.3739 1.00223
0.375 1.00224
0.3761 1.00226
0.3772 1.00227
0.3783 1.00228
0.3794 1.0023
0.3805 1.00231
0.3816 1.00232
0.3827 1.00234
0.3838 1.00235
0.3849 1.00236
0.386 1.00238
0.3871 1.00239
0.3882 1.0024
0.3893 1.00242
0.3904 1.00243
0.3915 1.00244
0.3926 1.00246
0.3937 1.00247
0.3948 1.00249
0.3959 1.0025
0.397 1.00251
0.3981 1.00253
0.3992 1.00254
0.4003 1.00256
0.4014 1.00257
0.4025 1.00258
0.4036 1.0026
0.4047 1.00261
0.4058 1.00263
0.4069 1.00264
0.408 1.00266
0.4091 1.00267
0.4102 1.00268
0.4113 1.0027
0.4124 1.00271
0.4135 1.00273
0.4146 1.00274
0.4157 1.00276
0.4168 1.00277
0.4179 1.00279
0.419 1.0028
0.4201 1.00282
0.4212 1.00283
0.4223 1.00285
0.4234 1.00286
0.4245 1.00288
0.4256 1.00289
0.4267 1.00291
0.4278 1.00292
0.4289 1.00294
0.43 1.00295
0.4311 1.00297
0.4322 1.00298
0.4333 1.003
0.4344 1.00301
0.4355 1.00303
0.4366 1.00304
0.4377 1.00306
0.4388 1.00307
0.4399 1.00309
0.441 1.0031
0.4421 1.00312
0.4432 1.00314
0.4443 1.00315
0.4454 1.00317
0.4465 1.00318
0.4476 1.0032
0.4487 1.00321
0.4498 1.00323
0.4509 1.00325
0.452 1.00326
0.4531 1.00328
0.4542 1.00329
0.4553 1.00331
0.4564 1.00333
0.4575 1.00334
0.4586 1.00336
0.4597 1.00337
0.4608 1.00339
0.4619 1.00341
0.463 1.00342
0.4641 1.00344
0.4652 1.00346
0.4663 1.00347
0.4674 1.00349
0.4685 1.00351
0.4696 1.00352
0.4707 1.00354
0.4718 1.00356
0.4729 1.00357
0.474 1.00359
0.4751 1.00361
0.4762 1.00362
0.4773 1.00364
0.4784 1.00366
0.4795 1.00367
0.4806 1.00369
0.4817 1.00371
0.4828 1.00372
0.4839 1.00374
0.485 1.00376
0.4861 1.00378
0.4872 1.00379
0.4883 1.00381
0.4894 1.00383
0.4905 1.00384
0.4916 1.00386
0.4927 1.00388
0.4938 1.0039
0.4949 1.00391
0.496 1.00393
0.4971 1.00395
0.4982 1.00397
0.4993 1.00398
0.5004 1.004
0.5015 1.00402
0.5026 1.00404
0.5037 1.00406
0.5048 1.00407
0.5059 1.00409
0.507 1.00411
0.5081 1.00413
0.5092 1.00414
0.5103 1.00416
0.5114 1.00418
0.5125 1.0042
0.5136 1.00422
0.5147 1.00424
0.5158 1.00425
0.5169 1.00427
0.518 1.00429
0.5191 1.00431
0.5202 1.00433
0.5213 1.00435
0.5224 1.00436
0.5235 1.00438
0.5246 1.0044
0.5257 1.00442
0.5268 1.00444
0.5279 1.00446
0.529 1.00448
0.5301 1.00449
0.5312 1.00451
0.5323 1.00453
0.5334 1.00455
0.5345 1.00457
0.5356 1.00459
0.5367 1.00461
0.5378 1.00463
0.5389 1.00465
0.54 1.00466
0.5411 1.00468
0.5422 1.0047
0.5433 1.00472
0.5444 1.00474
0.5455 1.00476
0.5466 1.00478
0.5477 1.0048
0.5488 1.00482
0.5499 1.00484
0.551 1.00486
0.5521 1.00488
0.5532 1.0049
0.5543 1.00492
0.5554 1.00494
0.5565 1.00496
0.5576 1.00498
0.5587 1.005
0.5598 1.00502
0.5609 1.00504
0.562 1.00505
0.5631 1.00507
0.5642 1.00509
0.5653 1.00511
0.5664 1.00513
0.5675 1.00516
0.5686 1.00518
0.5697 1.0052
0.5708 1.00522
0.5719 1.00524
0.573 1.00526
0.5741 1.00528
0.5752 1.0053
0.5763 1.00532
0.5774 1.00534
0.5785 1.00536
0.5796 1.00538
0.5807 1.0054
0.5818 1.00542
0.5829 1.00544
0.584 1.00546
0.5851 1.00548
0.5862 1.0055
0.5873 1.00552
0.5884 1.00554
0.5895 1.00557
0.5906 1.00559
0.5917 1.00561
0.5928 1.00563
0.5939 1.00565
0.595 1.00567
0.5961 1.00569
0.5972 1.00571
0.5983 1.00573
0.5994 1.00576
0.6005 1.00578
0.6016 1.0058
0.6027 1.00582
0.6038 1.00584
0.6049 1.00586
0.606 1.00588
0.6071 1.00591
0.6082 1.00593
0.6093 1.00595
0.6104 1.00597
0.6115 1.00599
0.6126 1.00601
0.6137 1.00604
0.6148 1.00606
0.6159 1.00608
0.617 1.0061
0.6181 1.00612
0.6192 1.00614
0.6203 1.00617
0.6214 1.00619
0.6225 1.00621
0.6236 1.00623
0.6247 1.00626
0.6258 1.00628
0.6269 1.0063
0.628 1.00632
0.6291 1.00634
0.6302 1.00637
0.6313 1.00639
0.6324 1.00641
0.6335 1.00643
0.6346 1.00646
0.6357 1.00648
0.6368 1.0065
0.6379 1.00652
0.639 1.00655
0.6401 1.00657
0.6412 1.00659
0.6423 1.00662
0.6434 1.00664
0.6445 1.00666
0.6456 1.00668
0.6467 1.00671
0.6478 1.00673
0.6489 1.00675
0.65 1.00678
0.6511 1.0068
0.6522 1.00682
0.6533 1.00685
0.6544 1.00687
0.6555 1.00689
0.6566 1.00692
0.6577 1.00694
0.6588 1.00696
0.6599 1.00699
0.661 1.00701
0.6621 1.00703
0.6632 1.00706
0.6643 1.00708
0.6654 1.0071
0.6665 1.00713
0.6676 1.00715
0.6687 1.00718
0.6698 1.0072
0.6709 1.00722
0.672 1.00725
0.6731 1.00727
0.6742 1.0073
0.6753 1.00732
0.6764 1.00734
0.6775 1.00737
0.6786 1.00739
0.6797 1.00742
0.6808 1.00744
0.6819 1.00747
0.683 1.00749
0.6841 1.00751
0.6852 1.00754
0.6863 1.00756
0.6874 1.00759
0.6885 1.00761
0.6896 1.00764
0.6907 1.00766
0.6918 1.00769
0.6929 1.00771
0.694 1.00774
0.6951 1.00776
0.6962 1.00778
0.6973 1.00781
0.6984 1.00783
0.6995 1.00786
0.7006 1.00788
0.7017 1.00791
0.7028 1.00793
0.7039 1.00796
0.705 1.00798
0.7061 1.00801
0.7072 1.00803
0.7083 1.00806
0.7094 1.00808
0.7105 1.00811
0.7116 1.00814
0.7127 1.00816
0.7138 1.00819
0.7149 1.00821
0.716 1.00824
0.7171 1.00826
0.7182 1.00829
0.7193 1.00831
0.7204 1.00834
0.7215 1.00837
0.7226 1.00839
0.7237 1.00842
0.7248 1.00844
0.7259 1.00847
0.727 1.0085
0.7281 1.00852
0.7292 1.00855
0.7303 1.00857
0.7314 1.0086
0.7325 1.00863
0.7336 1.00865
0.7347 1.00868
0.7358 1.0087
0.7369 1.00873
0.738 1.00876
0.7391 1.00878
0.7402 1.00881
0.7413 1.00884
0.7424 1.00887
0.7435 1.00889
0.7446 1.00892
0.7457 1.00894
0.7468 1.00897
0.7479 1.009
0.749 1.00902
0.7501 1.00905
0.7512 1.00908
0.7523 1.0091
0.7534 1.00913
0.7545 1.00916
0.7556 1.00919
0.7567 1.00921
0.7578 1.00924
0.7589 1.00927
0.76 1.00929
0.7611 1.00932
0.7622 1.00935
0.7633 1.00938
0.7644 1.0094
0.7655 1.00943
0.7666 1.00946
0.7677 1.00949
0.7688 1.00951
0.7699 1.00954
0.771 1.00957
0.7721 1.0096
0.7732 1.00963
0.7743 1.00965
0.7754 1.00968
0.7765 1.00971
0.7776 1.00974
0.7787 1.00976
0.7798 1.00979
0.7809 1.00982
0.782 1.00985
0.7831 1.00988
0.7842 1.0099
0.7853 1.00993
0.7864 1.00996
0.7875 1.00999
0.7886 1.01002
0.7897 1.01005
0.7908 1.01007
0.7919 1.0101
0.793 1.01013
0.7941 1.01016
0.7952 1.01019
0.7963 1.01022
0.7974 1.01025
0.7985 1.01027
0.7996 1.0103
0.8007 1.01033
0.8018 1.01036
0.8029 1.01039
0.804 1.01042
0.8051 1.01045
0.8062 1.01047
0.8073 1.0105
0.8084 1.01053
0.8095 1.01056
0.8106 1.01059
0.8117 1.01062
0.8128 1.01065
0.8139 1.01068
0.815 1.01071
0.8161 1.01074
0.8172 1.01077
0.8183 1.0108
0.8194 1.01083
0.8205 1.01086
0.8216 1.01089
0.8227 1.01091
0.8238 1.01094
0.8249 1.01097
0.826 1.011
0.8271 1.01103
0.8282 1.01106
0.8293 1.01109
0.8304 1.01112
0.8315 1.01115
0.8326 1.01118
0.8337 1.01121
0.8348 1.01124
0.8359 1.01127
0.837 1.0113
0.8381 1.01133
0.8392 1.01136
0.8403 1.01139
0.8414 1.01142
0.8425 1.01145
0.8436 1.01148
0.8447 1.01151
0.8458 1.01155
0.8469 1.01158
0.848 1.01161
0.8491 1.01164
0.8502 1.01167
0.8513 1.0117
0.8524 1.01173
0.8535 1.01176
0.8546 1.01179
0.8557 1.01182
0.8568 1.01185
0.8579 1.01188
0.859 1.01191
0.8601 1.01195
0.8612 1.01198
0.8623 1.01201
0.8634 1.01204
0.8645 1.01207
0.8656 1.0121
0.8667 1.01213
0.8678 1.01216
0.8689 1.0122
0.87 1.01223
0.8711 1.01226
0.8722 1.01229
0.8733 1.01232
0.8744 1.01235
0.8755 1.01238
0.8766 1.01242
0.8777 1.01245
0.8788 1.01248
0.8799 1.01251
0.881 1.01254
0.8821 1.01258
0.8832 1.01261
0.8843 1.01264
0.8854 1.01267
0.8865 1.0127
0.8876 1.01273
0.8887 1.01277
0.8898 1.0128
0.8909 1.01283
0.892 1.01286
0.8931 1.0129
0.8942 1.01293
0.8953 1.01296
0.8964 1.01299
0.8975 1.01303
0.8986 1.01306
0.8997 1.01309
0.9008 1.01312
0.9019 1.01316
0.903 1.01319
0.9041 1.01322
0.9052 1.01325
0.9063 1.01329
0.9074 1.01332
0.9085 1.01335
0.9096 1.01338
0.9107 1.01342
0.9118 1.01345
0.9129 1.01348
0.914 1.01352
0.9151 1.01355
0.9162 1.01358
0.9173 1.01362
0.9184 1.01365
0.9195 1.01368
0.9206 1.01372
0.9217 1.01375
0.9228 1.01378
0.9239 1.01382
0.925 1.01385
0.9261 1.01388
0.9272 1.01392
0.9283 1.01395
0.9294 1.01398
0.9305 1.01402
0.9316 1.01405
0.9327 1.01409
0.9338 1.01412
0.9349 1.01415
0.936 1.01419
0.9371 1.01422
0.9382 1.01426
0.9393 1.01429
0.9404 1.01432
0.9415 1.01436
0.9426 1.01439
0.9437 1.01443
0.9448 1.01446
0.9459 1.0145
0.947 1.01453
0.9481 1.01456
0.9492 1.0146
0.9503 1.01463
0.9514 1.01467
0.9525 1.0147
0.9536 1.01474
0.9547 1.01477
0.9558 1.01481
0.9569 1.01484
0.958 1.01488
0.9591 1.01491
0.9602 1.01494
0.9613 1.01498
0.9624 1.01502
0.9635 1.01505
0.9646 1.01509
0.9657 1.01512
0.9668 1.01516
0.9679 1.01519
0.969 1.01523
0.9701 1.01526
0.9712 1.0153
0.9723 1.01533
0.9734 1.01537
0.9745 1.0154
0.9756 1.01544
0.9767 1.01547
0.9778 1.01551
0.9789 1.01555
0.98 1.01558
0.9811 1.01562
0.9822 1.01565
0.9833 1.01569
0.9844 1.01572
0.9855 1.01576
0.9866 1.0158
0.9877 1.01583
0.9888 1.01587
0.9899 1.0159
0.991 1.01594
0.9921 1.01598
0.9932 1.01601
0.9943 1.01605
0.9954 1.01609
0.9965 1.01612
0.9976 1.01616
0.9987 1.01619
0.9998 1.01623
1.0008 1.01626
1.0018 1.0163
1.0028 1.01633
1.0038 1.01636
1.0048 1.0164
1.0058 1.01643
1.0068 1.01646
1.0078 1.0165
1.0088 1.01653
1.0098 1.01656
1.0108 1.0166
1.0118 1.01663
1.0128 1.01667
1.0138 1.0167
1.0148 1.01673
1.0158 1.01677
1.0168 1.0168
1.0178 1.01683
1.0188 1.01687
1.0198 1.0169
1.0208 1.01693
1.0218 1.01697
1.0228 1.017
1.0238 1.01704
1.0248 1.01707
1.0258 1.0171
1.0268 1.01714
1.0278 1.01717
1.0288 1.01721
1.0298 1.01724
1.0308 1.01728
1.0318 1.01731
1.0328 1.01734
1.0338 1.01738
1.0348 1.01741
1.0358 1.01745
1.0368 1.01748
1.0378 1.01752
1.0388 1.01755
1.0398 1.01759
1.0408 1.01762
1.0418 1.01766
1.0428 1.01769
1.0438 1.01772
1.0448 1.01776
1.0458 1.01779
1.0468 1.01783
1.0478 1.01786
1.0488 1.0179
1.0498 1.01793
1.0508 1.01797
1.0518 1.018
1.0528 1.01804
1.0538 1.01807
1.0548 1.01811
1.0558 1.01814
1.0568 1.01818
1.0578 1.01822
1.0588 1.01825
1.0598 1.01828
1.0608 1.01832
1.0618 1.01836
1.0628 1.01839
1.0638 1.01843
1.0648 1.01846
1.0658 1.0185
1.0668 1.01853
1.0678 1.01857
1.0688 1.0186
1.0698 1.01864
1.0708 1.01868
1.0718 1.01871
1.0728 1.01875
1.0738 1.01878
1.0748 1.01882
1.0758 1.01886
1.0768 1.01889
1.0778 1.01893
1.0788 1.01896
1.0798 1.019
1.0808 1.01904
1.0818 1.01907
1.0828 1.01911
1.0838 1.01914
1.0848 1.01918
1.0858 1.01922
1.0868 1.01925
1.0878 1.01929
1.0888 1.01933
1.0898 1.01936
1.0908 1.0194
1.0918 1.01944
1.0928 1.01947
1.0938 1.01951
1.0948 1.01954
1.0958 1.01958
1.0968 1.01962
1.0978 1.01965
1.0988 1.01969
1.0998 1.01973
1.1008 1.01977
1.1018 1.0198
1.1028 1.01984
1.1038 1.01988
1.1048 1.01991
1.1058 1.01995
1.1068 1.01999
1.1078 1.02002
1.1088 1.02006
1.1098 1.0201
1.1108 1.02013
1.1118 1.02017
1.1128 1.02021
1.1138 1.02025
1.1148 1.02028
1.1158 1.02032
1.1168 1.02036
1.1178 1.0204
1.1188 1.02043
1.1198 1.02047
1.1208 1.02051
1.1218 1.02055
1.1228 1.02058
1.1238 1.02062
1.1248 1.02066
1.1258 1.0207
1.1268 1.02074
1.1278 1.02077
1.1288 1.02081
1.1298 1.02085
1.1308 1.02089
1.1318 1.02093
1.1328 1.02096
1.1338 1.021
1.1348 1.02104
1.1358 1.02108
1.1368 1.02112
1.1378 1.02115
1.1388 1.02119
1.1398 1.02123
1.1408 1.02127
1.1418 1.02131
1.1428 1.02134
1.1438 1.02138
1.1448 1.02142
1.1458 1.02146
1.1468 1.0215
1.1478 1.02154
1.1488 1.02158
1.1498 1.02162
1.1508 1.02165
1.1518 1.02169
1.1528 1.02173
1.1538 1.02177
1.1548 1.02181
1.1558 1.02185
1.1568 1.02189
1.1578 1.02192
1.1588 1.02196
1.1598 1.022
1.1608 1.02204
1.1618 1.02208
1.1628 1.02212
1.1638 1.02216
1.1648 1.0222
1.1658 1.02224
1.1668 1.02228
1.1678 1.02232
1.1688 1.02236
1.1698 1.0224
1.1708 1.02244
1.1718 1.02247
1.1728 1.02251
1.1738 1.02255
1.1748 1.02259
1.1758 1.02263
1.1768 1.02267
1.1778 1.02271
1.1788 1.02275
1.1798 1.02279
1.1808 1.02283
1.1818 1.02287
1.1828 1.02291
1.1838 1.02295
1.1848 1.02299
1.1858 1.02303
1.1868 1.02307
1.1878 1.02311
1.1888 1.02315
1.1898 1.02319
1.1908 1.02323
1.1918 1.02327
1.1928 1.02331
1.1938 1.02335
1.1948 1.02339
1.1958 1.02343
1.1968 1.02347
1.1978 1.02351
1.1988 1.02355
1.1998 1.0236
1.2008 1.02364
1.2018 1.02368
1.2028 1.02372
1.2038 1.02376
1.2048 1.0238
1.2058 1.02384
1.2068 1.02388
1.2078 1.02392
1.2088 1.02396
1.2098 1.024
1.2108 1.02404
1.2118 1.02409
1.2128 1.02413
1.2138 1.02417
1.2148 1.02421
1.2158 1.02425
1.2168 1.02429
1.2178 1.02433
1.2188 1.02437
1.2198 1.02441
1.2208 1.02446
1.2218 1.0245
1.2228 1.02454
1.2238 1.02458
1.2248 1.02462
1.2258 1.02466
1.2268 1.0247
1.2278 1.02475
1.2288 1.02479
1.2298 1.02483
1.2308 1.02487
1.2318 1.02491
1.2328 1.02495
1.2338 1.025
1.2348 1.02504
1.2358 1.02508
1.2368 1.02512
1.2378 1.02516
1.2388 1.02521
1.2398 1.02525
1.2408 1.02529
1.2418 1.02533
1.2428 1.02537
1.2438 1.02542
1.2448 1.02546
1.2458 1.0255
1.2468 1.02554
1.2478 1.02559
1.2488 1.02563
1.2498 1.02567
1.2508 1.02571
1.2518 1.02576
1.2528 1.0258
1.2538 1.02584
1.2548 1.02588
1.2558 1.02593
1.2568 1.02597
1.2578 1.02601
1.2588 1.02605
1.2598 1.0261
1.2608 1.02614
1.2618 1.02618
1.2628 1.02623
1.2638 1.02627
1.2648 1.02631
1.2658 1.02636
1.2668 1.0264
1.2678 1.02644
1.2688 1.02649
1.2698 1.02653
1.2708 1.02657
1.2718 1.02661
1.2728 1.02666
1.2738 1.0267
1.2748 1.02675
1.2758 1.02679
1.2768 1.02683
1.2778 1.02688
1.2788 1.02692
1.2798 1.02696
1.2808 1.02701
1.2818 1.02705
1.2828 1.02709
1.2838 1.02714
1.2848 1.02718
1.2858 1.02723
1.2868 1.02727
1.2878 1.02731
1.2888 1.02736
1.2898 1.0274
1.2908 1.02744
1.2918 1.02749
1.2928 1.02753
1.2938 1.02758
1.2948 1.02762
1.2958 1.02767
1.2968 1.02771
1.2978 1.02775
1.2988 1.0278
1.2998 1.02784
1.3008 1.02789
1.3018 1.02793
1.3028 1.02798
1.3038 1.02802
1.3048 1.02807
1.3058 1.02811
1.3068 1.02816
1.3078 1.0282
1.3088 1.02824
1.3098 1.02829
1.3108 1.02833
1.3118 1.02838
1.3128 1.02842
1.3138 1.02847
1.3148 1.02851
1.3158 1.02856
1.3168 1.0286
1.3178 1.02865
1.3188 1.02869
1.3198 1.02874
1.3208 1.02878
1.3218 1.02883
1.3228 1.02888
1.3238 1.02892
1.3248 1.02897
1.3258 1.02901
1.3268 1.02906
1.3278 1.0291
1.3288 1.02915
1.3298 1.02919
1.3308 1.02924
1.3318 1.02929
1.3328 1.02933
1.3338 1.02938
1.3348 1.02942
1.3358 1.02947
1.3368 1.02951
1.3378 1.02956
1.3388 1.02961
1.3398 1.02965
1.3408 1.0297
1.3418 1.02974
1.3428 1.02979
1.3438 1.02984
1.3448 1.02988
1.3458 1.02993
1.3468 1.02997
1.3478 1.03002
1.3488 1.03007
1.3498 1.03011
1.3508 1.03016
1.3518 1.03021
1.3528 1.03025
1.3538 1.0303
1.3548 1.03035
1.3558 1.03039
1.3568 1.03044
1.3578 1.03049
1.3588 1.03053
1.3598 1.03058
1.3608 1.03063
1.3618 1.03067
1.3628 1.03072
1.3638 1.03077
1.3648 1.03081
1.3658 1.03086
1.3668 1.03091
1.3678 1.03096
1.3688 1.031
1.3698 1.03105
1.3708 1.0311
1.3718 1.03114
1.3728 1.03119
1.3738 1.03124
1.3748 1.03129
1.3758 1.03133
1.3768 1.03138
1.3778 1.03143
1.3788 1.03148
1.3798 1.03152
1.3808 1.03157
1.3818 1.03162
1.3828 1.03167
1.3838 1.03171
1.3848 1.03176
1.3858 1.03181
1.3868 1.03186
1.3878 1.03191
1.3888 1.03195
1.3898 1.032
1.3908 1.03205
1.3918 1.0321
1.3928 1.03215
1.3938 1.03219
1.3948 1.03224
1.3958 1.03229
1.3968 1.03234
1.3978 1.03239
1.3988 1.03243
1.3998 1.03248
1.4008 1.03253
1.4018 1.03258
1.4028 1.03263
1.4038 1.03268
1.4048 1.03273
1.4058 1.03277
1.4068 1.03282
1.4078 1.03287
1.4088 1.03292
1.4098 1.03297
1.4108 1.03302
1.4118 1.03307
1.4128 1.03312
1.4138 1.03316
1.4148 1.03321
1.4158 1.03326
1.4168 1.03331
1.4178 1.03336
1.4188 1.03341
1.4198 1.03346
1.4208 1.03351
1.4218 1.03356
1.4228 1.03361
1.4238 1.03366
1.4248 1.03371
1.4258 1.03376
1.4268 1.03381
1.4278 1.03385
1.4288 1.0339
1.4298 1.03395
1.4308 1.034
1.4318 1.03405
1.4328 1.0341
1.4338 1.03415
1.4348 1.0342
1.4358 1.03425
1.4368 1.0343
1.4378 1.03435
1.4388 1.0344
1.4398 1.03445
1.4408 1.0345
1.4418 1.03455
1.4428 1.0346
1.4438 1.03465
1.4448 1.0347
1.4458 1.03475
1.4468 1.0348
1.4478 1.03485
1.4488 1.0349
1.4498 1.03495
1.4508 1.035
1.4518 1.03506
1.4528 1.03511
1.4538 1.03516
1.4548 1.03521
1.4558 1.03526
1.4568 1.03531
1.4578 1.03536
1.4588 1.03541
1.4598 1.03546
1.4608 1.03551
1.4618 1.03556
1.4628 1.03561
1.4638 1.03567
1.4648 1.03572
1.4658 1.03577
1.4668 1.03582
1.4678 1.03587
1.4688 1.03592
1.4698 1.03597
1.4708 1.03602
1.4718 1.03608
1.4728 1.03613
1.4738 1.03618
1.4748 1.03623
1.4758 1.03628
1.4768 1.03633
1.4778 1.03638
1.4788 1.03644
1.4798 1.03649
1.4808 1.03654
1.4818 1.03659
1.4828 1.03664
1.4838 1.03669
1.4848 1.03675
1.4858 1.0368
1.4868 1.03685
1.4878 1.0369
1.4888 1.03695
1.4898 1.03701
1.4908 1.03706
1.4918 1.03711
1.4928 1.03716
1.4938 1.03721
1.4948 1.03727
1.4958 1.03732
1.4968 1.03737
1.4978 1.03742
1.4988 1.03748
1.4998 1.03753
1.5008 1.03758
1.5018 1.03763
1.5028 1.03769
1.5038 1.03774
1.5048 1.03779
1.5058 1.03785
1.5068 1.0379
1.5078 1.03795
1.5088 1.038
1.5098 1.03806
1.5108 1.03811
1.5118 1.03816
1.5128 1.03822
1.5138 1.03827
1.5148 1.03832
1.5158 1.03838
1.5168 1.03843
1.5178 1.03848
1.5188 1.03853
1.5198 1.03859
1.5208 1.03864
1.5218 1.0387
1.5228 1.03875
1.5238 1.0388
1.5248 1.03886
1.5258 1.03891
1.5268 1.03896
1.5278 1.03902
1.5288 1.03907
1.5298 1.03912
1.5308 1.03918
1.5318 1.03923
1.5328 1.03929
1.5338 1.03934
1.5348 1.03939
1.5358 1.03945
1.5368 1.0395
1.5378 1.03956
1.5388 1.03961
1.5398 1.03966
1.5408 1.03972
1.5418 1.03977
1.5428 1.03983
1.5438 1.03988
1.5448 1.03994
1.5458 1.03999
1.5468 1.04004
1.5478 1.0401
1.5488 1.04015
1.5498 1.04021
1.5508 1.04026
1.5518 1.04032
1.5528 1.04037
1.5538 1.04043
1.5548 1.04048
1.5558 1.04054
1.5568 1.04059
1.5578 1.04065
1.5588 1.0407
1.5598 1.04076
1.5608 1.04081
1.5618 1.04087
1.5628 1.04092
1.5638 1.04098
1.5648 1.04103
1.5658 1.04109
1.5668 1.04114
1.5678 1.0412
1.5688 1.04126
1.5698 1.04131
1.5708 1.04137
1.5718 1.04142
1.5728 1.04148
1.5738 1.04153
1.5748 1.04159
1.5758 1.04164
1.5768 1.0417
1.5778 1.04176
1.5788 1.04181
1.5798 1.04187
1.5808 1.04192
1.5818 1.04198
1.5828 1.04204
1.5838 1.04209
1.5848 1.04215
1.5858 1.0422
1.5868 1.04226
1.5878 1.04232
1.5888 1.04237
1.5898 1.04243
1.5908 1.04249
1.5918 1.04254
1.5928 1.0426
1.5938 1.04266
1.5948 1.04271
1.5958 1.04277
1.5968 1.04283
1.5978 1.04288
1.5988 1.04294
1.5998 1.043
1.6008 1.04305
1.6018 1.04311
1.6028 1.04317
1.6038 1.04322
1.6048 1.04328
1.6058 1.04334
1.6068 1.04339
1.6078 1.04345
1.6088 1.04351
1.6098 1.04357
1.6108 1.04362
1.6118 1.04368
1.6128 1.04374
1.6138 1.0438
1.6148 1.04385
1.6158 1.04391
1.6168 1.04397
1.6178 1.04403
1.6188 1.04408
1.6198 1.04414
1.6208 1.0442
1.6218 1.04426
1.6228 1.04431
1.6238 1.04437
1.6248 1.04443
1.6258 1.04449
1.6268 1.04455
1.6278 1.0446
1.6288 1.04466
1.6298 1.04472
1.6308 1.04478
1.6318 1.04484
1.6328 1.04489
1.6338 1.04495
1.6348 1.04501
1.6358 1.04507
1.6368 1.04513
1.6378 1.04519
1.6388 1.04525
1.6398 1.0453
1.6408 1.04536
1.6418 1.04542
1.6428 1.04548
1.6438 1.04554
1.6448 1.0456
1.6458 1.04566
1.6468 1.04572
1.6478 1.04577
1.6488 1.04583
1.6498 1.04589
1.6508 1.04595
1.6518 1.04601
1.6528 1.04607
1.6538 1.04613
1.6548 1.04619
1.6558 1.04625
1.6568 1.04631
1.6578 1.04637
1.6588 1.04643
1.6598 1.04648
1.6608 1.04654
1.6618 1.0466
1.6628 1.04666
1.6638 1.04672
1.6648 1.04678
1.6658 1.04684
1.6668 1.0469
1.6678 1.04696
1.6688 1.04702
1.6698 1.04708
1.6708 1.04714
1.6718 1.0472
1.6728 1.04726
1.6738 1.04732
1.6748 1.04738
1.6758 1.04744
1.6768 1.0475
1.6778 1.04756
1.6788 1.04762
1.6798 1.04768
1.6808 1.04774
1.6818 1.0478
1.6828 1.04786
1.6838 1.04792
1.6848 1.04798
1.6858 1.04805
1.6868 1.04811
1.6878 1.04817
1.6888 1.04823
1.6898 1.04829
1.6908 1.04835
1.6918 1.04841
1.6928 1.04847
1.6938 1.04853
1.6948 1.04859
1.6958 1.04865
1.6968 1.04871
1.6978 1.04878
1.6988 1.04884
1.6998 1.0489
1.7008 1.04896
1.7018 1.04902
1.7028 1.04908
1.7038 1.04914
1.7048 1.04921
1.7058 1.04927
1.7068 1.04933
1.7078 1.04939
1.7088 1.04945
1.7098 1.04951
1.7108 1.04958
1.7118 1.04964
1.7128 1.0497
1.7138 1.04976
1.7148 1.04982
1.7158 1.04989
1.7168 1.04995
1.7178 1.05001
1.7188 1.05007
1.7198 1.05013
1.7208 1.0502
1.7218 1.05026
1.7228 1.05032
1.7238 1.05038
1.7248 1.05045
1.7258 1.05051
1.7268 1.05057
1.7278 1.05063
1.7288 1.0507
1.7298 1.05076
1.7308 1.05082
1.7318 1.05088
1.7328 1.05095
1.7338 1.05101
1.7348 1.05107
1.7358 1.05114
1.7368 1.0512
1.7378 1.05126
1.7388 1.05132
1.7398 1.05139
1.7408 1.05145
1.7418 1.05151
1.7428 1.05158
1.7438 1.05164
1.7448 1.0517
1.7458 1.05177
1.7468 1.05183
1.7478 1.05189
1.7488 1.05196
1.7498 1.05202
1.7508 1.05208
1.7518 1.05215
1.7528 1.05221
1.7538 1.05227
1.7548 1.05234
1.7558 1.0524
1.7568 1.05247
1.7578 1.05253
1.7588 1.05259
1.7598 1.05266
1.7608 1.05272
1.7618 1.05279
1.7628 1.05285
1.7638 1.05291
1.7648 1.05298
1.7658 1.05304
1.7668 1.05311
1.7678 1.05317
1.7688 1.05324
1.7698 1.0533
1.7708 1.05337
1.7718 1.05343
1.7728 1.0535
1.7738 1.05356
1.7748 1.05362
1.7758 1.05369
1.7768 1.05375
1.7778 1.05382
1.7788 1.05388
1.7798 1.05395
1.7808 1.05401
1.7818 1.05408
1.7828 1.05414
1.7838 1.05421
1.7848 1.05427
1.7858 1.05434
1.7868 1.0544
1.7878 1.05447
1.7888 1.05454
1.7898 1.0546
1.7908 1.05467
1.7918 1.05473
1.7928 1.0548
1.7938 1.05486
1.7948 1.05493
1.7958 1.05499
1.7968 1.05506
1.7978 1.05513
1.7988 1.05519
1.7998 1.05526
1.8008 1.05532
1.8018 1.05539
1.8028 1.05546
1.8038 1.05552
1.8048 1.05559
1.8058 1.05565
1.8068 1.05572
1.8078 1.05579
1.8088 1.05585
1.8098 1.05592
1.8108 1.05599
1.8118 1.05605
1.8128 1.05612
1.8138 1.05619
1.8148 1.05625
1.8158 1.05632
1.8168 1.05638
1.8178 1.05645
1.8188 1.05652
1.8198 1.05659
1.8208 1.05665
1.8218 1.05672
1.8228 1.05679
1.8238 1.05685
1.8248 1.05692
1.8258 1.05699
1.8268 1.05705
1.8278 1.05712
1.8288 1.05719
1.8298 1.05726
1.8308 1.05732
1.8318 1.05739
1.8328 1.05746
1.8338 1.05753
1.8348 1.05759
1.8358 1.05766
1.8368 1.05773
1.8378 1.0578
1.8388 1.05787
1.8398 1.05793
1.8408 1.058
1.8418 1.05807
1.8428 1.05814
1.8438 1.0582
1.8448 1.05827
1.8458 1.05834
1.8468 1.05841
1.8478 1.05848
1.8488 1.05855
1.8498 1.05861
1.8508 1.05868
1.8518 1.05875
1.8528 1.05882
1.8538 1.05889
1.8548 1.05896
1.8558 1.05902
1.8568 1.05909
1.8578 1.05916
1.8588 1.05923
1.8598 1.0593
1.8608 1.05937
1.8618 1.05944
1.8628 1.05951
1.8638 1.05958
1.8648 1.05964
1.8658 1.05971
1.8668 1.05978
1.8678 1.05985
1.8688 1.05992
1.8698 1.05999
1.8708 1.06006
1.8718 1.06013
1.8728 1.0602
1.8738 1.06027
1.8748 1.06034
1.8758 1.06041
1.8768 1.06048
1.8778 1.06055
1.8788 1.06062
1.8798 1.06069
1.8808 1.06076
1.8818 1.06083
1.8828 1.0609
1.8838 1.06097
1.8848 1.06104
1.8858 1.06111
1.8868 1.06118
1.8878 1.06125
1.8888 1.06132
1.8898 1.06139
1.8908 1.06146
1.8918 1.06153
1.8928 1.0616
1.8938 1.06167
1.8948 1.06174
1.8958 1.06181
1.8968 1.06188
1.8978 1.06195
1.8988 1.06202
1.8998 1.06209
1.9008 1.06216
1.9018 1.06223
1.9028 1.0623
1.9038 1.06238
1.9048 1.06245
1.9058 1.06252
1.9068 1.06259
1.9078 1.06266
1.9088 1.06273
1.9098 1.0628
1.9108 1.06287
1.9118 1.06294
1.9128 1.06302
1.9138 1.06309
1.9148 1.06316
1.9158 1.06323
1.9168 1.0633
1.9178 1.06337
1.9188 1.06345
1.9198 1.06352
1.9208 1.06359
1.9218 1.06366
1.9228 1.06373
1.9238 1.0638
1.9248 1.06388
1.9258 1.06395
1.9268 1.06402
1.9278 1.06409
1.9288 1.06417
1.9298 1.06424
1.9308 1.06431
1.9318 1.06438
1.9328 1.06446
1.9338 1.06453
1.9348 1.0646
1.9358 1.06467
1.9368 1.06474
1.9378 1.06482
1.9388 1.06489
1.9398 1.06496
1.9408 1.06504
1.9418 1.06511
1.9428 1.06518
1.9438 1.06526
1.9448 1.06533
1.9458 1.0654
1.9468 1.06547
1.9478 1.06555
1.9488 1.06562
1.9498 1.06569
1.9508 1.06577
1.9518 1.06584
1.9528 1.06591
1.9538 1.06599
1.9548 1.06606
1.9558 1.06613
1.9568 1.06621
1.9578 1.06628
1.9588 1.06636
1.9598 1.06643
1.9608 1.0665
1.9618 1.06658
1.9628 1.06665
1.9638 1.06673
1.9648 1.0668
1.9658 1.06687
1.9668 1.06695
1.9678 1.06702
1.9688 1.0671
1.9698 1.06717
1.9708 1.06724
1.9718 1.06732
1.9728 1.06739
1.9738 1.06747
1.9748 1.06754
1.9758 1.06762
1.9768 1.06769
1.9778 1.06777
1.9788 1.06784
1.9798 1.06792
1.9808 1.06799
1.9818 1.06807
1.9828 1.06814
1.9838 1.06822
1.9848 1.06829
1.9858 1.06837
1.9868 1.06844
1.9878 1.06852
1.9888 1.06859
1.9898 1.06867
1.9908 1.06874
1.9918 1.06882
1.9928 1.06889
1.9938 1.06897
1.9948 1.06904
1.9958 1.06912
1.9968 1.0692
1.9978 1.06927
1.9988 1.06935
1.9998 1.06942
2.0008 1.0695
2.0018 1.06958
2.0028 1.06965
2.0038 1.06973
2.0048 1.0698
2.0058 1.06988
2.0068 1.06996
2.0078 1.07003
2.0088 1.07011
2.0098 1.07018
2.0108 1.07026
2.0118 1.07034
2.0128 1.07041
2.0138 1.07049
2.0148 1.07057
2.0158 1.07064
2.0168 1.07072
2.0178 1.0708
2.0188 1.07087
2.0198 1.07095
2.0208 1.07103
2.0218 1.07111
2.0228 1.07118
2.0238 1.07126
2.0248 1.07134
2.0258 1.07141
2.0268 1.07149
2.0278 1.07157
2.0288 1.07165
2.0298 1.07172
2.0308 1.0718
2.0318 1.07188
2.0328 1.07196
2.0338 1.07203
2.0348 1.07211
2.0358 1.07219
2.0368 1.07227
2.0378 1.07235
2.0388 1.07242
2.0398 1.0725
2.0408 1.07258
2.0418 1.07266
2.0428 1.07273
2.0438 1.07281
2.0448 1.07289
2.0458 1.07297
2.0468 1.07305
2.0478 1.07313
2.0488 1.0732
2.0498 1.07328
2.0508 1.07336
2.0518 1.07344
2.0528 1.07352
2.0538 1.0736
2.0548 1.07368
2.0558 1.07376
2.0568 1.07383
2.0578 1.07391
2.0588 1.07399
2.0598 1.07407
2.0608 1.07415
2.0618 1.07423
2.0628 1.07431
2.0638 1.07439
2.0648 1.07447
2.0658 1.07455
2.0668 1.07463
2.0678 1.07471
2.0688 1.07479
2.0698 1.07487
2.0708 1.07494
2.0718 1.07502
2.0728 1.0751
2.0738 1.07518
2.0748 1.07526
2.0758 1.07534
2.0768 1.07542
2.0778 1.0755
2.0788 1.07558
2.0798 1.07566
2.0808 1.07574
2.0818 1.07582
2.0828 1.0759
2.0838 1.07598
2.0848 1.07606
2.0858 1.07615
2.0868 1.07623
2.0878 1.07631
2.0888 1.07639
2.0898 1.07647
2.0908 1.07655
2.0918 1.07663
2.0928 1.07671
2.0938 1.07679
2.0948 1.07687
2.0958 1.07695
2.0968 1.07703
2.0978 1.07711
2.0988 1.0772
2.0998 1.07728
2.1008 1.07736
2.1018 1.07744
2.1028 1.07752
2.1038 1.0776
2.1048 1.07768
2.1058 1.07777
2.1068 1.07785
2.1078 1.07793
2.1088 1.07801
2.1098 1.07809
2.1108 1.07817
2.1118 1.07826
2.1128 1.07834
2.1138 1.07842
2.1148 1.0785
2.1158 1.07858
2.1168 1.07867
2.1178 1.07875
2.1188 1.07883
2.1198 1.07891
2.1208 1.079
2.1218 1.07908
2.1228 1.07916
2.1238 1.07924
2.1248 1.07933
2.1258 1.07941
2.1268 1.07949
2.1278 1.07957
2.1288 1.07966
2.1298 1.07974
2.1308 1.07982
2.1318 1.07991
2.1328 1.07999
2.1338 1.08007
2.1348 1.08015
2.1358 1.08024
2.1368 1.08032
2.1378 1.0804
2.1388 1.08049
2.1398 1.08057
2.1408 1.08065
2.1418 1.08074
2.1428 1.08082
2.1438 1.08091
2.1448 1.08099
2.1458 1.08107
2.1468 1.08116
2.1478 1.08124
2.1488 1.08132
2.1498 1.08141
2.1508 1.08149
2.1518 1.08158
2.1528 1.08166
2.1538 1.08175
2.1548 1.08183
2.1558 1.08191
2.1568 1.082
2.1578 1.08208
2.1588 1.08217
2.1598 1.08225
2.1608 1.08234
2.1618 1.08242
2.1628 1.08251
2.1638 1.08259
2.1648 1.08267
2.1658 1.08276
2.1668 1.08284
2.1678 1.08293
2.1688 1.08301
2.1698 1.0831
2.1708 1.08319
2.1718 1.08327
2.1728 1.08336
2.1738 1.08344
2.1748 1.08353
2.1758 1.08361
2.1768 1.0837
2.1778 1.08378
2.1788 1.08387
2.1798 1.08395
2.1808 1.08404
2.1818 1.08413
2.1828 1.08421
2.1838 1.0843
2.1848 1.08438
2.1858 1.08447
2.1868 1.08456
2.1878 1.08464
2.1888 1.08473
2.1898 1.08481
2.1908 1.0849
2.1918 1.08499
2.1928 1.08507
2.1938 1.08516
2.1948 1.08525
2.1958 1.08533
2.1968 1.08542
2.1978 1.08551
2.1988 1.08559
2.1998 1.08568
2.2008 1.08577
2.2018 1.08585
2.2028 1.08594
2.2038 1.08603
2.2048 1.08612
2.2058 1.0862
2.2068 1.08629
2.2078 1.08638
2.2088 1.08646
2.2098 1.08655
2.2108 1.08664
2.2118 1.08673
2.2128 1.08682
2.2138 1.0869
2.2148 1.08699
2.2158 1.08708
2.2168 1.08717
2.2178 1.08725
2.2188 1.08734
2.2198 1.08743
2.2208 1.08752
2.2218 1.08761
2.2228 1.08769
2.2238 1.08778
2.2248 1.08787
2.2258 1.08796
2.2268 1.08805
2.2278 1.08814
2.2288 1.08822
2.2298 1.08831
2.2308 1.0884
2.2318 1.08849
2.2328 1.08858
2.2338 1.08867
2.2348 1.08876
2.2358 1.08885
2.2368 1.08894
2.2378 1.08902
2.2388 1.08911
2.2398 1.0892
2.2408 1.08929
2.2418 1.08938
2.2428 1.08947
2.2438 1.08956
2.2448 1.08965
2.2458 1.08974
2.2468 1.08983
2.2478 1.08992
2.2488 1.09001
2.2498 1.0901
2.2508 1.09019
2.2518 1.09028
2.2528 1.09037
2.2538 1.09046
2.2548 1.09055
2.2558 1.09064
2.2568 1.09073
2.2578 1.09082
2.2588 1.09091
2.2598 1.091
2.2608 1.09109
2.2618 1.09118
2.2628 1.09127
2.2638 1.09136
2.2648 1.09145
2.2658 1.09154
2.2668 1.09163
2.2678 1.09172
2.2688 1.09181
2.2698 1.09191
2.2708 1.092
2.2718 1.09209
2.2728 1.09218
2.2738 1.09227
2.2748 1.09236
2.2758 1.09245
2.2768 1.09254
2.2778 1.09264
2.2788 1.09273
2.2798 1.09282
2.2808 1.09291
2.2818 1.093
2.2828 1.09309
2.2838 1.09319
2.2848 1.09328
2.2858 1.09337
2.2868 1.09346
2.2878 1.09355
2.2888 1.09365
2.2898 1.09374
2.2908 1.09383
2.2918 1.09392
2.2928 1.09402
2.2938 1.09411
2.2948 1.0942
2.2958 1.09429
2.2968 1.09439
2.2978 1.09448
2.2988 1.09457
2.2998 1.09466
2.3008 1.09476
2.3018 1.09485
2.3028 1.09494
2.3038 1.09503
2.3048 1.09513
2.3058 1.09522
2.3068 1.09531
2.3078 1.09541
2.3088 1.0955
2.3098 1.0956
2.3108 1.09569
2.3118 1.09578
2.3128 1.09588
2.3138 1.09597
2.3148 1.09606
2.3158 1.09616
2.3168 1.09625
2.3178 1.09635
2.3188 1.09644
2.3198 1.09653
2.3208 1.09663
2.3218 1.09672
2.3228 1.09681
2.3238 1.09691
2.3248 1.097
2.3258 1.0971
2.3268 1.09719
2.3278 1.09729
2.3288 1.09738
2.3298 1.09748
2.3308 1.09757
2.3318 1.09767
2.3328 1.09776
2.3338 1.09786
2.3348 1.09795
2.3358 1.09805
2.3368 1.09814
2.3378 1.09824
2.3388 1.09833
2.3398 1.09843
2.3408 1.09852
2.3418 1.09862
2.3428 1.09871
2.3438 1.09881
2.3448 1.0989
2.3458 1.099
2.3468 1.0991
2.3478 1.09919
2.3488 1.09929
2.3498 1.09938
2.3508 1.09948
2.3518 1.09958
2.3528 1.09967
2.3538 1.09977
2.3548 1.09986
2.3558 1.09996
2.3568 1.10006
2.3578 1.10015
2.3588 1.10025
2.3598 1.10035
2.3608 1.10044
2.3618 1.10054
2.3628 1.10064
2.3638 1.10073
2.3648 1.10083
2.3658 1.10093
2.3668 1.10102
2.3678 1.10112
2.3688 1.10122
2.3698 1.10131
2.3708 1.10141
2.3718 1.10151
2.3728 1.10161
2.3738 1.1017
2.3748 1.1018
2.3758 1.1019
2.3768 1.102
2.3778 1.1021
2.3788 1.10219
2.3798 1.10229
2.3808 1.10239
2.3818 1.10249
2.3828 1.10258
2.3838 1.10268
2.3848 1.10278
2.3858 1.10288
2.3868 1.10298
2.3878 1.10307
2.3888 1.10317
2.3898 1.10327
2.3908 1.10337
2.3918 1.10347
2.3928 1.10357
2.3938 1.10367
2.3948 1.10376
2.3958 1.10386
2.3968 1.10396
2.3978 1.10406
2.3988 1.10416
2.3998 1.10426
2.4008 1.10436
2.4018 1.10446
2.4028 1.10456
2.4038 1.10466
2.4048 1.10476
2.4058 1.10486
2.4068 1.10496
2.4078 1.10505
2.4088 1.10516
2.4098 1.10525
2.4108 1.10535
2.4118 1.10545
2.4128 1.10555
2.4138 1.10565
2.4148 1.10575
2.4158 1.10585
2.4168 1.10595
2.4178 1.10606
2.4188 1.10616
2.4198 1.10626
2.4208 1.10636
2.4218 1.10646
2.4228 1.10656
2.4238 1.10666
2.4248 1.10676
2.4258 1.10686
2.4268 1.10696
2.4278 1.10706
2.4288 1.10716
2.4298 1.10726
2.4308 1.10737
2.4318 1.10747
2.4328 1.10757
2.4338 1.10767
2.4348 1.10777
2.4358 1.10787
2.4368 1.10797
2.4378 1.10807
2.4388 1.10818
2.4398 1.10828
2.4408 1.10838
2.4418 1.10848
2.4428 1.10858
2.4438 1.10869
2.4448 1.10879
2.4458 1.10889
2.4468 1.10899
2.4478 1.1091
2.4488 1.1092
2.4498 1.1093
2.4508 1.1094
2.4518 1.10951
2.4528 1.10961
2.4538 1.10971
2.4548 1.10981
2.4558 1.10992
2.4568 1.11002
2.4578 1.11012
2.4588 1.11022
2.4598 1.11033
2.4608 1.11043
2.4618 1.11053
2.4628 1.11064
2.4638 1.11074
2.4648 1.11084
2.4658 1.11095
2.4668 1.11105
2.4678 1.11115
2.4688 1.11126
2.4698 1.11136
2.4708 1.11147
2.4718 1.11157
2.4728 1.11167
2.4738 1.11178
2.4748 1.11188
2.4758 1.11199
2.4768 1.11209
2.4778 1.11219
2.4788 1.1123
2.4798 1.1124
2.4808 1.11251
2.4818 1.11261
2.4828 1.11272
2.4838 1.11282
2.4848 1.11293
2.4858 1.11303
2.4868 1.11314
2.4878 1.11324
2.4888 1.11335
2.4898 1.11345
2.4908 1.11356
2.4918 1.11366
2.4928 1.11377
2.4938 1.11387
2.4948 1.11398
2.4958 1.11408
2.4968 1.11419
2.4978 1.1143
2.4988 1.1144
2.4998 1.11451
2.5008 1.11461
2.5018 1.11472
2.5028 1.11482
2.5038 1.11493
2.5048 1.11504
2.5058 1.11514
2.5068 1.11525
2.5078 1.11536
2.5088 1.11546
2.5098 1.11557
2.5108 1.11567
2.5118 1.11578
2.5128 1.11589
2.5138 1.116
2.5148 1.1161
2.5158 1.11621
2.5168 1.11632
2.5178 1.11642
2.5188 1.11653
2.5198 1.11664
2.5208 1.11675
2.5218 1.11685
2.5228 1.11696
2.5238 1.11707
2.5248 1.11717
2.5258 1.11728
2.5268 1.11739
2.5278 1.1175
2.5288 1.11761
2.5298 1.11771
2.5308 1.11782
2.5318 1.11793
2.5328 1.11804
2.5338 1.11815
2.5348 1.11825
2.5358 1.11836
2.5368 1.11847
2.5378 1.11858
2.5388 1.11869
2.5398 1.1188
2.5408 1.11891
2.5418 1.11901
2.5428 1.11912
2.5438 1.11923
2.5448 1.11934
2.5458 1.11945
2.5468 1.11956
2.5478 1.11967
2.5488 1.11978
2.5498 1.11989
2.5508 1.12
2.5518 1.12011
2.5528 1.12022
2.5538 1.12032
2.5548 1.12043
2.5558 1.12054
2.5568 1.12065
2.5578 1.12076
2.5588 1.12087
2.5598 1.12098
2.5608 1.12109
2.5618 1.1212
2.5628 1.12131
2.5638 1.12142
2.5648 1.12154
2.5658 1.12165
2.5668 1.12176
2.5678 1.12187
2.5688 1.12198
2.5698 1.12209
2.5708 1.1222
2.5718 1.12231
2.5728 1.12242
2.5738 1.12253
2.5748 1.12264
2.5758 1.12275
2.5768 1.12287
2.5778 1.12298
2.5788 1.12309
2.5798 1.1232
2.5808 1.12331
2.5818 1.12342
2.5828 1.12353
2.5838 1.12365
2.5848 1.12376
2.5858 1.12387
2.5868 1.12398
2.5878 1.12409
2.5888 1.12421
2.5898 1.12432
2.5908 1.12443
2.5918 1.12454
2.5928 1.12466
2.5938 1.12477
2.5948 1.12488
2.5958 1.12499
2.5968 1.12511
2.5978 1.12522
2.5988 1.12533
2.5998 1.12545
2.6008 1.12556
2.6018 1.12567
2.6028 1.12578
2.6038 1.1259
2.6048 1.12601
2.6058 1.12612
2.6068 1.12624
2.6078 1.12635
2.6088 1.12646
2.6098 1.12658
2.6108 1.12669
2.6118 1.12681
2.6128 1.12692
2.6138 1.12703
2.6148 1.12715
2.6158 1.12726
2.6168 1.12738
2.6178 1.12749
2.6188 1.12761
2.6198 1.12772
2.6208 1.12783
2.6218 1.12795
2.6228 1.12806
2.6238 1.12818
2.6248 1.12829
2.6258 1.12841
2.6268 1.12852
2.6278 1.12864
2.6288 1.12875
2.6298 1.12887
2.6308 1.12898
2.6318 1.1291
2.6328 1.12921
2.6338 1.12933
2.6348 1.12944
2.6358 1.12956
2.6368 1.12968
2.6378 1.12979
2.6388 1.12991
2.6398 1.13002
2.6408 1.13014
2.6418 1.13026
2.6428 1.13037
2.6438 1.13049
2.6448 1.1306
2.6458 1.13072
2.6468 1.13084
2.6478 1.13095
2.6488 1.13107
2.6498 1.13119
2.6508 1.13131
2.6518 1.13142
2.6528 1.13154
2.6538 1.13166
2.6548 1.13177
2.6558 1.13189
2.6568 1.13201
2.6578 1.13212
2.6588 1.13224
2.6598 1.13236
2.6608 1.13248
2.6618 1.13259
2.6628 1.13271
2.6638 1.13283
2.6648 1.13295
2.6658 1.13306
2.6668 1.13318
2.6678 1.1333
2.6688 1.13342
2.6698 1.13354
2.6708 1.13366
2.6718 1.13377
2.6728 1.13389
2.6738 1.13401
2.6748 1.13413
2.6758 1.13425
2.6768 1.13437
2.6778 1.13449
2.6788 1.13461
2.6798 1.13473
2.6808 1.13484
2.6818 1.13496
2.6828 1.13508
2.6838 1.1352
2.6848 1.13532
2.6858 1.13544
2.6868 1.13556
2.6878 1.13568
2.6888 1.1358
2.6898 1.13592
2.6908 1.13604
2.6918 1.13616
2.6928 1.13628
2.6938 1.1364
2.6948 1.13652
2.6958 1.13664
2.6968 1.13676
2.6978 1.13688
2.6988 1.137
2.6998 1.13712
2.7008 1.13724
2.7018 1.13736
2.7028 1.13748
2.7038 1.1376
2.7048 1.13772
2.7058 1.13785
2.7068 1.13797
2.7078 1.13809
2.7088 1.13821
2.7098 1.13833
2.7108 1.13845
2.7118 1.13857
2.7128 1.1387
2.7138 1.13882
2.7148 1.13894
2.7158 1.13906
2.7168 1.13918
2.7178 1.1393
2.7188 1.13943
2.7198 1.13955
2.7208 1.13967
2.7218 1.13979
2.7228 1.13992
2.7238 1.14004
2.7248 1.14016
2.7258 1.14028
2.7268 1.14041
2.7278 1.14053
2.7288 1.14065
2.7298 1.14077
2.7308 1.1409
2.7318 1.14102
2.7328 1.14114
2.7338 1.14127
2.7348 1.14139
2.7358 1.14151
2.7368 1.14164
2.7378 1.14176
2.7388 1.14189
2.7398 1.14201
2.7408 1.14213
2.7418 1.14226
2.7428 1.14238
2.7438 1.1425
2.7448 1.14263
2.7458 1.14275
2.7468 1.14288
2.7478 1.143
2.7488 1.14313
2.7498 1.14325
2.7508 1.14338
2.7518 1.1435
2.7528 1.14362
2.7538 1.14375
2.7548 1.14387
2.7558 1.144
2.7568 1.14413
2.7578 1.14425
2.7588 1.14438
2.7598 1.1445
2.7608 1.14463
2.7618 1.14475
2.7628 1.14488
2.7638 1.145
2.7648 1.14513
2.7658 1.14526
2.7668 1.14538
2.7678 1.14551
2.7688 1.14563
2.7698 1.14576
2.7708 1.14589
2.7718 1.14601
2.7728 1.14614
2.7738 1.14627
2.7748 1.14639
2.7758 1.14652
2.7768 1.14665
2.7778 1.14677
2.7788 1.1469
2.7798 1.14703
2.7808 1.14715
2.7818 1.14728
2.7828 1.14741
2.7838 1.14754
2.7848 1.14766
2.7858 1.14779
2.7868 1.14792
2.7878 1.14805
2.7888 1.14817
2.7898 1.1483
2.7908 1.14843
2.7918 1.14856
2.7928 1.14869
2.7938 1.14881
2.7948 1.14894
2.7958 1.14907
2.7968 1.1492
2.7978 1.14933
2.7988 1.14946
2.7998 1.14959
2.8008 1.14971
2.8018 1.14984
2.8028 1.14997
2.8038 1.1501
2.8048 1.15023
2.8058 1.15036
2.8068 1.15049
2.8078 1.15062
2.8088 1.15075
2.8098 1.15088
2.8108 1.15101
2.8118 1.15114
2.8128 1.15127
2.8138 1.1514
2.8148 1.15153
2.8158 1.15166
2.8168 1.15179
2.8178 1.15192
2.8188 1.15205
2.8198 1.15218
2.8208 1.15231
2.8218 1.15244
2.8228 1.15257
2.8238 1.1527
2.8248 1.15283
2.8258 1.15296
2.8268 1.15309
2.8278 1.15323
2.8288 1.15336
2.8298 1.15349
2.8308 1.15362
2.8318 1.15375
2.8328 1.15388
2.8338 1.15401
2.8348 1.15414
2.8358 1.15428
2.8368 1.15441
2.8378 1.15454
2.8388 1.15467
2.8398 1.1548
2.8408 1.15494
2.8418 1.15507
2.8428 1.1552
2.8438 1.15533
2.8448 1.15547
2.8458 1.1556
2.8468 1.15573
2.8478 1.15586
2.8488 1.156
2.8498 1.15613
2.8508 1.15626
2.8518 1.1564
2.8528 1.15653
2.8538 1.15666
2.8548 1.1568
2.8558 1.15693
2.8568 1.15707
2.8578 1.1572
2.8588 1.15733
2.8598 1.15747
2.8608 1.1576
2.8618 1.15774
2.8628 1.15787
2.8638 1.158
2.8648 1.15814
2.8658 1.15827
2.8668 1.15841
2.8678 1.15854
2.8688 1.15868
2.8698 1.15881
2.8708 1.15895
2.8718 1.15908
2.8728 1.15922
2.8738 1.15935
2.8748 1.15949
2.8758 1.15962
2.8768 1.15976
2.8778 1.15989
2.8788 1.16003
2.8798 1.16016
2.8808 1.1603
2.8818 1.16043
2.8828 1.16057
2.8838 1.16071
2.8848 1.16084
2.8858 1.16098
2.8868 1.16112
2.8878 1.16125
2.8888 1.16139
2.8898 1.16153
2.8908 1.16166
2.8918 1.1618
2.8928 1.16194
2.8938 1.16207
2.8948 1.16221
2.8958 1.16235
2.8968 1.16248
2.8978 1.16262
2.8988 1.16276
2.8998 1.1629
2.9008 1.16303
2.9018 1.16317
2.9028 1.16331
2.9038 1.16345
2.9048 1.16358
2.9058 1.16372
2.9068 1.16386
2.9078 1.164
2.9088 1.16414
2.9098 1.16428
2.9108 1.16441
2.9118 1.16455
2.9128 1.16469
2.9138 1.16483
2.9148 1.16497
2.9158 1.16511
2.9168 1.16525
2.9178 1.16539
2.9188 1.16553
2.9198 1.16567
2.9208 1.16581
2.9218 1.16595
2.9228 1.16608
2.9238 1.16622
2.9248 1.16636
2.9258 1.1665
2.9268 1.16664
2.9278 1.16678
2.9288 1.16692
2.9298 1.16706
2.9308 1.1672
2.9318 1.16735
2.9328 1.16749
2.9338 1.16763
2.9348 1.16777
2.9358 1.16791
2.9368 1.16805
2.9378 1.16819
2.9388 1.16833
2.9398 1.16847
2.9408 1.16861
2.9418 1.16875
2.9428 1.1689
2.9438 1.16904
2.9448 1.16918
2.9458 1.16932
2.9468 1.16946
2.9478 1.1696
2.9488 1.16975
2.9498 1.16989
2.9508 1.17003
2.9518 1.17017
2.9528 1.17032
2.9538 1.17046
2.9548 1.1706
2.9558 1.17074
2.9568 1.17089
2.9578 1.17103
2.9588 1.17117
2.9598 1.17132
2.9608 1.17146
2.9618 1.1716
2.9628 1.17175
2.9638 1.17189
2.9648 1.17203
2.9658 1.17218
2.9668 1.17232
2.9678 1.17246
2.9688 1.17261
2.9698 1.17275
2.9708 1.1729
2.9718 1.17304
2.9728 1.17318
2.9738 1.17333
2.9748 1.17347
2.9758 1.17362
2.9768 1.17376
2.9778 1.17391
2.9788 1.17405
2.9798 1.1742
2.9808 1.17434
2.9818 1.17449
2.9828 1.17463
2.9838 1.17478
2.9848 1.17492
2.9858 1.17507
2.9868 1.17522
2.9878 1.17536
2.9888 1.17551
2.9898 1.17565
2.9908 1.1758
2.9918 1.17595
2.9928 1.17609
2.9938 1.17624
2.9948 1.17638
2.9958 1.17653
2.9968 1.17668
2.9978 1.17682
2.9988 1.17697
2.9998 1.17712
3.0008 1.17727
3.0018 1.17741
3.0028 1.17756
3.0038 1.17771
3.0048 1.17785
3.0058 1.178
3.0068 1.17815
3.0078 1.1783
3.0088 1.17844
3.0098 1.17859
3.0108 1.17874
3.0118 1.17889
3.0128 1.17904
3.0138 1.17919
3.0148 1.17933
3.0158 1.17948
3.0168 1.17963
3.0178 1.17978
3.0188 1.17993
3.0198 1.18008
3.0208 1.18023
3.0218 1.18038
3.0228 1.18052
3.0238 1.18067
3.0248 1.18082
3.0258 1.18097
3.0268 1.18112
3.0278 1.18127
3.0288 1.18142
3.0298 1.18157
3.0308 1.18172
3.0318 1.18187
3.0328 1.18202
3.0338 1.18217
3.0348 1.18232
3.0358 1.18247
3.0368 1.18262
3.0378 1.18278
3.0388 1.18293
3.0398 1.18308
3.0408 1.18323
3.0418 1.18338
3.0428 1.18353
3.0438 1.18368
3.0448 1.18383
3.0458 1.18398
3.0468 1.18414
3.0478 1.18429
3.0488 1.18444
3.0498 1.18459
3.0508 1.18474
3.0518 1.1849
3.0528 1.18505
3.0538 1.1852
3.0548 1.18535
3.0558 1.18551
3.0568 1.18566
3.0578 1.18581
3.0588 1.18596
3.0598 1.18612
3.0608 1.18627
3.0618 1.18642
3.0628 1.18658
3.0638 1.18673
3.0648 1.18688
3.0658 1.18704
3.0668 1.18719
3.0678 1.18735
3.0688 1.1875
3.0698 1.18765
3.0708 1.18781
3.0718 1.18796
3.0728 1.18812
3.0738 1.18827
3.0748 1.18843
3.0758 1.18858
3.0768 1.18873
3.0778 1.18889
3.0788 1.18904
3.0798 1.1892
3.0808 1.18935
3.0818 1.18951
3.0828 1.18966
3.0838 1.18982
3.0848 1.18998
3.0858 1.19013
3.0868 1.19029
3.0878 1.19044
3.0888 1.1906
3.0898 1.19076
3.0908 1.19091
3.0918 1.19107
3.0928 1.19122
3.0938 1.19138
3.0948 1.19154
3.0958 1.19169
3.0968 1.19185
3.0978 1.19201
3.0988 1.19217
3.0998 1.19232
3.1008 1.19248
3.1018 1.19264
3.1028 1.1928
3.1038 1.19295
3.1048 1.19311
3.1058 1.19327
3.1068 1.19343
3.1078 1.19358
3.1088 1.19374
3.1098 1.1939
3.1108 1.19406
3.1118 1.19422
3.1128 1.19438
3.1138 1.19453
3.1148 1.19469
3.1158 1.19485
3.1168 1.19501
3.1178 1.19517
3.1188 1.19533
3.1198 1.19549
3.1208 1.19565
3.1218 1.19581
3.1228 1.19597
3.1238 1.19613
3.1248 1.19629
3.1258 1.19645
3.1268 1.19661
3.1278 1.19677
3.1288 1.19693
3.1298 1.19709
3.1308 1.19725
3.1318 1.19741
3.1328 1.19757
3.1338 1.19773
3.1348 1.19789
3.1358 1.19805
3.1368 1.19821
3.1378 1.19837
3.1388 1.19854
3.1398 1.1987
3.1408 1.19886
3.1418 1.19902
3.1428 1.19918
3.1438 1.19935
3.1448 1.19951
3.1458 1.19967
3.1468 1.19983
3.1478 1.19999
3.1488 1.20016
3.1498 1.20032
3.1508 1.20048
3.1518 1.20064
3.1528 1.20081
3.1538 1.20097
3.1548 1.20113
3.1558 1.2013
3.1568 1.20146
3.1578 1.20162
3.1588 1.20179
3.1598 1.20195
3.1608 1.20211
3.1618 1.20228
3.1628 1.20244
3.1638 1.20261
3.1648 1.20277
3.1658 1.20293
3.1668 1.2031
3.1678 1.20326
3.1688 1.20343
3.1698 1.20359
3.1708 1.20376
3.1718 1.20392
3.1728 1.20409
3.1738 1.20425
3.1748 1.20442
3.1758 1.20459
3.1768 1.20475
3.1778 1.20492
3.1788 1.20508
3.1798 1.20525
3.1808 1.20542
3.1818 1.20558
3.1828 1.20575
3.1838 1.20591
3.1848 1.20608
3.1858 1.20625
3.1868 1.20641
3.1878 1.20658
3.1888 1.20675
3.1898 1.20691
3.1908 1.20708
3.1918 1.20725
3.1928 1.20742
3.1938 1.20758
3.1948 1.20775
3.1958 1.20792
3.1968 1.20809
3.1978 1.20826
3.1988 1.20842
3.1998 1.20859
3.2008 1.20876
3.2018 1.20893
3.2028 1.2091
3.2038 1.20927
3.2048 1.20943
3.2058 1.2096
3.2068 1.20977
3.2078 1.20994
3.2088 1.21011
3.2098 1.21028
3.2108 1.21045
3.2118 1.21062
3.2128 1.21079
3.2138 1.21096
3.2148 1.21113
3.2158 1.2113
3.2168 1.21147
3.2178 1.21164
3.2188 1.21181
3.2198 1.21198
3.2208 1.21215
3.2218 1.21232
3.2228 1.21249
3.2238 1.21267
3.2248 1.21284
3.2258 1.21301
3.2268 1.21318
3.2278 1.21335
3.2288 1.21352
3.2298 1.21369
3.2308 1.21387
3.2318 1.21404
3.2328 1.21421
3.2338 1.21438
3.2348 1.21455
3.2358 1.21473
3.2368 1.2149
3.2378 1.21507
3.2388 1.21525
3.2398 1.21542
3.2408 1.21559
3.2418 1.21576
3.2428 1.21594
3.2438 1.21611
3.2448 1.21628
3.2458 1.21646
3.2468 1.21663
3.2478 1.21681
3.2488 1.21698
3.2498 1.21715
3.2508 1.21733
3.2518 1.2175
3.2528 1.21768
3.2538 1.21785
3.2548 1.21803
3.2558 1.2182
3.2568 1.21838
3.2578 1.21855
3.2588 1.21873
3.2598 1.2189
3.2608 1.21908
3.2618 1.21925
3.2628 1.21943
3.2638 1.21961
3.2648 1.21978
3.2658 1.21996
3.2668 1.22013
3.2678 1.22031
3.2688 1.22049
3.2698 1.22066
3.2708 1.22084
3.2718 1.22102
3.2728 1.22119
3.2738 1.22137
3.2748 1.22155
3.2758 1.22173
3.2768 1.2219
3.2778 1.22208
3.2788 1.22226
3.2798 1.22244
3.2808 1.22261
3.2818 1.22279
3.2828 1.22297
3.2838 1.22315
3.2848 1.22333
3.2858 1.22351
3.2868 1.22368
3.2878 1.22386
3.2888 1.22404
3.2898 1.22422
3.2908 1.2244
3.2918 1.22458
3.2928 1.22476
3.2938 1.22494
3.2948 1.22512
3.2958 1.2253
3.2968 1.22548
3.2978 1.22566
3.2988 1.22584
3.2998 1.22602
3.3008 1.2262
3.3018 1.22638
3.3028 1.22656
3.3038 1.22674
3.3048 1.22692
3.3058 1.2271
3.3068 1.22729
3.3078 1.22747
3.3088 1.22765
3.3098 1.22783
3.3108 1.22801
3.3118 1.22819
3.3128 1.22838
3.3138 1.22856
3.3148 1.22874
3.3158 1.22892
3.3168 1.2291
3.3178 1.22929
3.3188 1.22947
3.3198 1.22965
3.3208 1.22984
3.3218 1.23002
3.3228 1.2302
3.3238 1.23039
3.3248 1.23057
3.3258 1.23075
3.3268 1.23094
3.3278 1.23112
3.3288 1.2313
3.3298 1.23149
3.3308 1.23167
3.3318 1.23186
3.3328 1.23204
3.3338 1.23223
3.3348 1.23241
3.3358 1.2326
3.3368 1.23278
3.3378 1.23297
3.3388 1.23315
3.3398 1.23334
3.3408 1.23352
3.3418 1.23371
3.3428 1.23389
3.3438 1.23408
3.3448 1.23427
3.3458 1.23445
3.3468 1.23464
3.3478 1.23483
3.3488 1.23501
3.3498 1.2352
3.3508 1.23539
3.3518 1.23557
3.3528 1.23576
3.3538 1.23595
3.3548 1.23614
3.3558 1.23632
3.3568 1.23651
3.3578 1.2367
3.3588 1.23689
3.3598 1.23707
3.3608 1.23726
3.3618 1.23745
3.3628 1.23764
3.3638 1.23783
3.3648 1.23802
3.3658 1.23821
3.3668 1.23839
3.3678 1.23858
3.3688 1.23877
3.3698 1.23896
3.3708 1.23915
3.3718 1.23934
3.3728 1.23953
3.3738 1.23972
3.3748 1.23991
3.3758 1.2401
3.3768 1.24029
3.3778 1.24048
3.3788 1.24067
3.3798 1.24086
3.3808 1.24106
3.3818 1.24125
3.3828 1.24144
3.3838 1.24163
3.3848 1.24182
3.3858 1.24201
3.3868 1.2422
3.3878 1.2424
3.3888 1.24259
3.3898 1.24278
3.3908 1.24297
3.3918 1.24317
3.3928 1.24336
3.3938 1.24355
3.3948 1.24374
3.3958 1.24394
3.3968 1.24413
3.3978 1.24432
3.3988 1.24452
3.3998 1.24471
3.4008 1.2449
3.4018 1.2451
3.4028 1.24529
3.4038 1.24549
3.4048 1.24568
3.4058 1.24587
3.4068 1.24607
3.4078 1.24626
3.4088 1.24646
3.4098 1.24665
3.4108 1.24685
3.4118 1.24704
3.4128 1.24724
3.4138 1.24743
3.4148 1.24763
3.4158 1.24782
3.4168 1.24802
3.4178 1.24822
3.4188 1.24841
3.4198 1.24861
3.4208 1.24881
3.4218 1.249
3.4228 1.2492
3.4238 1.2494
3.4248 1.24959
3.4258 1.24979
3.4268 1.24999
3.4278 1.25019
3.4288 1.25038
3.4298 1.25058
3.4308 1.25078
3.4318 1.25098
3.4328 1.25117
3.4338 1.25137
3.4348 1.25157
3.4358 1.25177
3.4368 1.25197
3.4378 1.25217
3.4388 1.25237
3.4398 1.25257
3.4408 1.25277
3.4418 1.25296
3.4428 1.25316
3.4438 1.25336
3.4448 1.25356
3.4458 1.25376
3.4468 1.25396
3.4478 1.25416
3.4488 1.25436
3.4498 1.25457
3.4508 1.25477
3.4518 1.25497
3.4528 1.25517
3.4538 1.25537
3.4548 1.25557
3.4558 1.25577
3.4568 1.25597
3.4578 1.25618
3.4588 1.25638
3.4598 1.25658
3.4608 1.25678
3.4618 1.25698
3.4628 1.25719
3.4638 1.25739
3.4648 1.25759
3.4658 1.25779
3.4668 1.258
3.4678 1.2582
3.4688 1.2584
3.4698 1.25861
3.4708 1.25881
3.4718 1.25902
3.4728 1.25922
3.4738 1.25942
3.4748 1.25963
3.4758 1.25983
3.4768 1.26004
3.4778 1.26024
3.4788 1.26045
3.4798 1.26065
3.4808 1.26086
3.4818 1.26106
3.4828 1.26127
3.4838 1.26147
3.4848 1.26168
3.4858 1.26189
3.4868 1.26209
3.4878 1.2623
3.4888 1.2625
3.4898 1.26271
3.4908 1.26292
3.4918 1.26312
3.4928 1.26333
3.4938 1.26354
3.4948 1.26374
3.4958 1.26395
3.4968 1.26416
3.4978 1.26437
3.4988 1.26458
3.4998 1.26478
3.5008 1.26499
3.5018 1.2652
3.5028 1.26541
3.5038 1.26562
3.5048 1.26583
3.5058 1.26603
3.5068 1.26624
3.5078 1.26645
3.5088 1.26666
3.5098 1.26687
3.5108 1.26708
3.5118 1.26729
3.5128 1.2675
3.5138 1.26771
3.5148 1.26792
3.5158 1.26813
3.5168 1.26834
3.5178 1.26855
3.5188 1.26876
3.5198 1.26898
3.5208 1.26919
3.5218 1.2694
3.5228 1.26961
3.5238 1.26982
3.5248 1.27003
3.5258 1.27025
3.5268 1.27046
3.5278 1.27067
3.5288 1.27088
3.5298 1.2711
3.5308 1.27131
3.5318 1.27152
3.5328 1.27173
3.5338 1.27195
3.5348 1.27216
3.5358 1.27237
3.5368 1.27259
3.5378 1.2728
3.5388 1.27302
3.5398 1.27323
3.5408 1.27345
3.5418 1.27366
3.5428 1.27388
3.5438 1.27409
3.5448 1.2743
3.5458 1.27452
3.5468 1.27473
3.5478 1.27495
3.5488 1.27517
3.5498 1.27538
3.5508 1.2756
3.5518 1.27581
3.5528 1.27603
3.5538 1.27624
3.5548 1.27646
3.5558 1.27668
3.5568 1.2769
3.5578 1.27711
3.5588 1.27733
3.5598 1.27755
3.5608 1.27776
3.5618 1.27798
3.5628 1.2782
3.5638 1.27842
3.5648 1.27864
3.5658 1.27885
3.5668 1.27907
3.5678 1.27929
3.5688 1.27951
3.5698 1.27973
3.5708 1.27995
3.5718 1.28017
3.5728 1.28039
3.5738 1.28061
3.5748 1.28083
3.5758 1.28105
3.5768 1.28127
3.5778 1.28149
3.5788 1.28171
3.5798 1.28193
3.5808 1.28215
3.5818 1.28237
3.5828 1.28259
3.5838 1.28282
3.5848 1.28304
3.5858 1.28326
3.5868 1.28348
3.5878 1.2837
3.5888 1.28392
3.5898 1.28415
3.5908 1.28437
3.5918 1.28459
3.5928 1.28481
3.5938 1.28504
3.5948 1.28526
3.5958 1.28548
3.5968 1.28571
3.5978 1.28593
3.5988 1.28616
3.5998 1.28638
3.6008 1.2866
3.6018 1.28683
3.6028 1.28705
3.6038 1.28728
3.6048 1.2875
3.6058 1.28773
3.6068 1.28795
3.6078 1.28818
3.6088 1.2884
3.6098 1.28863
3.6108 1.28885
3.6118 1.28908
3.6128 1.2893
3.6138 1.28953
3.6148 1.28976
3.6158 1.28998
3.6168 1.29021
3.6178 1.29044
3.6188 1.29067
3.6198 1.29089
3.6208 1.29112
3.6218 1.29135
3.6228 1.29158
3.6238 1.2918
3.6248 1.29203
3.6258 1.29226
3.6268 1.29249
3.6278 1.29272
3.6288 1.29295
3.6298 1.29318
3.6308 1.29341
3.6318 1.29364
3.6328 1.29386
3.6338 1.29409
3.6348 1.29432
3.6358 1.29456
3.6368 1.29479
3.6378 1.29502
3.6388 1.29525
3.6398 1.29548
3.6408 1.29571
3.6418 1.29594
3.6428 1.29617
3.6438 1.2964
3.6448 1.29663
3.6458 1.29687
3.6468 1.2971
3.6478 1.29733
3.6488 1.29756
3.6498 1.2978
3.6508 1.29803
3.6518 1.29826
3.6528 1.29849
3.6538 1.29873
3.6548 1.29896
3.6558 1.29919
3.6568 1.29943
3.6578 1.29966
3.6588 1.2999
3.6598 1.30013
3.6608 1.30036
3.6618 1.3006
3.6628 1.30083
3.6638 1.30107
3.6648 1.3013
3.6658 1.30154
3.6668 1.30178
3.6678 1.30201
3.6688 1.30225
3.6698 1.30248
3.6708 1.30272
3.6718 1.30296
3.6728 1.30319
3.6738 1.30343
3.6748 1.30367
3.6758 1.3039
3.6768 1.30414
3.6778 1.30438
3.6788 1.30462
3.6798 1.30486
3.6808 1.30509
3.6818 1.30533
3.6828 1.30557
3.6838 1.30581
3.6848 1.30605
3.6858 1.30629
3.6868 1.30653
3.6878 1.30677
3.6888 1.30701
3.6898 1.30725
3.6908 1.30749
3.6918 1.30773
3.6928 1.30797
3.6938 1.30821
3.6948 1.30845
3.6958 1.30869
3.6968 1.30893
3.6978 1.30917
3.6988 1.30941
3.6998 1.30965
3.7008 1.3099
3.7018 1.31014
3.7028 1.31038
3.7038 1.31062
3.7048 1.31087
3.7058 1.31111
3.7068 1.31135
3.7078 1.31159
3.7088 1.31184
3.7098 1.31208
3.7108 1.31232
3.7118 1.31257
3.7128 1.31281
3.7138 1.31306
3.7148 1.3133
3.7158 1.31355
3.7168 1.31379
3.7178 1.31403
3.7188 1.31428
3.7198 1.31453
3.7208 1.31477
3.7218 1.31502
3.7228 1.31526
3.7238 1.31551
3.7248 1.31576
3.7258 1.316
3.7268 1.31625
3.7278 1.3165
3.7288 1.31674
3.7298 1.31699
3.7308 1.31724
3.7318 1.31749
3.7328 1.31773
3.7338 1.31798
3.7348 1.31823
3.7358 1.31848
3.7368 1.31873
3.7378 1.31898
3.7388 1.31923
3.7398 1.31948
3.7408 1.31972
3.7418 1.31997
3.7428 1.32023
3.7438 1.32047
3.7448 1.32072
3.7458 1.32098
3.7468 1.32123
3.7478 1.32148
3.7488 1.32173
3.7498 1.32198
3.7508 1.32223
3.7518 1.32248
3.7528 1.32273
3.7538 1.32299
3.7548 1.32324
3.7558 1.32349
3.7568 1.32374
3.7578 1.324
3.7588 1.32425
3.7598 1.3245
3.7608 1.32475
3.7618 1.32501
3.7628 1.32526
3.7638 1.32552
3.7648 1.32577
3.7658 1.32603
3.7668 1.32628
3.7678 1.32653
3.7688 1.32679
3.7698 1.32704
3.7708 1.3273
3.7718 1.32756
3.7728 1.32781
3.7738 1.32807
3.7748 1.32832
3.7758 1.32858
3.7768 1.32884
3.7778 1.32909
3.7788 1.32935
3.7798 1.32961
3.7808 1.32986
3.7818 1.33012
3.7828 1.33038
3.7838 1.33064
3.7848 1.3309
3.7858 1.33115
3.7868 1.33141
3.7878 1.33167
3.7888 1.33193
3.7898 1.33219
3.7908 1.33245
3.7918 1.33271
3.7928 1.33297
3.7938 1.33323
3.7948 1.33349
3.7958 1.33375
3.7968 1.33401
3.7978 1.33427
3.7988 1.33453
3.7998 1.3348
3.8008 1.33506
3.8018 1.33532
3.8028 1.33558
3.8038 1.33584
3.8048 1.3361
3.8058 1.33637
3.8068 1.33663
3.8078 1.33689
3.8088 1.33716
3.8098 1.33742
3.8108 1.33768
3.8118 1.33795
3.8128 1.33821
3.8138 1.33848
3.8148 1.33874
3.8158 1.339
3.8168 1.33927
3.8178 1.33953
3.8188 1.3398
3.8198 1.34007
3.8208 1.34033
3.8218 1.3406
3.8228 1.34086
3.8238 1.34113
3.8248 1.3414
3.8258 1.34166
3.8268 1.34193
3.8278 1.3422
3.8288 1.34246
3.8298 1.34273
3.8308 1.343
3.8318 1.34327
3.8328 1.34354
3.8338 1.3438
3.8348 1.34407
3.8358 1.34434
3.8368 1.34461
3.8378 1.34488
3.8388 1.34515
3.8398 1.34542
3.8408 1.34569
3.8418 1.34596
3.8428 1.34623
3.8438 1.3465
3.8448 1.34677
3.8458 1.34704
3.8468 1.34731
3.8478 1.34759
3.8488 1.34786
3.8498 1.34813
3.8508 1.3484
3.8518 1.34867
3.8528 1.34895
3.8538 1.34922
3.8548 1.34949
3.8558 1.34977
3.8568 1.35004
3.8578 1.35032
3.8588 1.35059
3.8598 1.35086
3.8608 1.35114
3.8618 1.35141
3.8628 1.35169
3.8638 1.35196
3.8648 1.35224
3.8658 1.35251
3.8668 1.35279
3.8678 1.35307
3.8688 1.35334
3.8698 1.35362
3.8708 1.35389
3.8718 1.35417
3.8728 1.35445
3.8738 1.35473
3.8748 1.355
3.8758 1.35528
3.8768 1.35556
3.8778 1.35584
3.8788 1.35612
3.8798 1.35639
3.8808 1.35667
3.8818 1.35695
3.8828 1.35723
3.8838 1.35751
3.8848 1.35779
3.8858 1.35807
3.8868 1.35835
3.8878 1.35863
3.8888 1.35891
3.8898 1.35919
3.8908 1.35947
3.8918 1.35976
3.8928 1.36004
3.8938 1.36032
3.8948 1.3606
3.8958 1.36088
3.8968 1.36117
3.8978 1.36145
3.8988 1.36173
3.8998 1.36202
3.9008 1.3623
3.9018 1.36258
3.9028 1.36287
3.9038 1.36315
3.9048 1.36344
3.9058 1.36372
3.9068 1.36401
3.9078 1.36429
3.9088 1.36458
3.9098 1.36486
3.9108 1.36515
3.9118 1.36543
3.9128 1.36572
3.9138 1.36601
3.9148 1.36629
3.9158 1.36658
3.9168 1.36687
3.9178 1.36716
3.9188 1.36744
3.9198 1.36773
3.9208 1.36802
3.9218 1.36831
3.9228 1.3686
3.9238 1.36889
3.9248 1.36918
3.9258 1.36947
3.9268 1.36975
3.9278 1.37004
3.9288 1.37033
3.9298 1.37063
3.9308 1.37092
3.9318 1.37121
3.9328 1.3715
3.9338 1.37179
3.9348 1.37208
3.9358 1.37237
3.9368 1.37267
3.9378 1.37296
3.9388 1.37325
3.9398 1.37354
3.9408 1.37384
3.9418 1.37413
3.9428 1.37442
3.9438 1.37472
3.9448 1.37501
3.9458 1.3753
3.9468 1.3756
3.9478 1.37589
3.9488 1.37619
3.9498 1.37648
3.9508 1.37678
3.9518 1.37708
3.9528 1.37737
3.9538 1.37767
3.9548 1.37796
3.9558 1.37826
3.9568 1.37856
3.9578 1.37886
3.9588 1.37915
3.9598 1.37945
3.9608 1.37975
3.9618 1.38005
3.9628 1.38035
3.9638 1.38064
3.9648 1.38094
3.9658 1.38124
3.9668 1.38154
3.9678 1.38184
3.9688 1.38214
3.9698 1.38244
3.9708 1.38274
3.9718 1.38304
3.9728 1.38334
3.9738 1.38365
3.9748 1.38395
3.9758 1.38425
3.9768 1.38455
3.9778 1.38485
3.9788 1.38516
3.9798 1.38546
3.9808 1.38576
3.9818 1.38607
3.9828 1.38637
3.9838 1.38667
3.9848 1.38698
3.9858 1.38728
3.9868 1.38759
3.9878 1.38789
3.9888 1.3882
3.9898 1.3885
3.9908 1.38881
3.9918 1.38911
3.9928 1.38942
3.9938 1.38973
3.9948 1.39003
3.9958 1.39034
3.9968 1.39065
3.9978 1.39096
3.9988 1.39126
3.9998 1.39157
4.0009 1.39191
4.002 1.39225
4.0031 1.39259
4.0042 1.39293
4.0053 1.39327
4.0064 1.39361
4.0075 1.39395
4.0086 1.39429
4.0097 1.39463
4.0108 1.39498
4.0119 1.39532
4.013 1.39566
4.0141 1.396
4.0152 1.39635
4.0163 1.39669
4.0174 1.39704
4.0185 1.39738
4.0196 1.39772
4.0207 1.39807
4.0218 1.39841
4.0229 1.39876
4.024 1.39911
4.0251 1.39945
4.0262 1.3998
4.0273 1.40014
4.0284 1.40049
4.0295 1.40084
4.0306 1.40119
4.0317 1.40154
4.0328 1.40188
4.0339 1.40223
4.035 1.40258
4.0361 1.40293
4.0372 1.40328
4.0383 1.40363
4.0394 1.40398
4.0405 1.40433
4.0416 1.40469
4.0427 1.40504
4.0438 1.40539
4.0449 1.40574
4.046 1.40609
4.0471 1.40645
4.0482 1.4068
4.0493 1.40715
4.0504 1.40751
4.0515 1.40786
4.0526 1.40822
4.0537 1.40857
4.0548 1.40893
4.0559 1.40928
4.057 1.40964
4.0581 1.40999
4.0592 1.41035
4.0603 1.41071
4.0614 1.41106
4.0625 1.41142
4.0636 1.41178
4.0647 1.41214
4.0658 1.4125
4.0669 1.41286
4.068 1.41321
4.0691 1.41357
4.0702 1.41393
4.0713 1.4143
4.0724 1.41466
4.0735 1.41502
4.0746 1.41538
4.0757 1.41574
4.0768 1.4161
4.0779 1.41647
4.079 1.41683
4.0801 1.41719
4.0812 1.41755
4.0823 1.41792
4.0834 1.41828
4.0845 1.41865
4.0856 1.41901
4.0867 1.41938
4.0878 1.41974
4.0889 1.42011
4.09 1.42048
4.0911 1.42084
4.0922 1.42121
4.0933 1.42158
4.0944 1.42195
4.0955 1.42231
4.0966 1.42268
4.0977 1.42305
4.0988 1.42342
4.0999 1.42379
4.101 1.42416
4.1021 1.42453
4.1032 1.4249
4.1043 1.42527
4.1054 1.42564
4.1065 1.42602
4.1076 1.42639
4.1087 1.42676
4.1098 1.42713
4.1109 1.42751
4.112 1.42788
4.1131 1.42825
4.1142 1.42863
4.1153 1.429
4.1164 1.42938
4.1175 1.42975
4.1186 1.43013
4.1197 1.43051
4.1208 1.43088
4.1219 1.43126
4.123 1.43164
4.1241 1.43201
4.1252 1.43239
4.1263 1.43277
4.1274 1.43315
4.1285 1.43353
4.1296 1.43391
4.1307 1.43429
4.1318 1.43467
4.1329 1.43505
4.134 1.43543
4.1351 1.43581
4.1362 1.43619
4.1373 1.43657
4.1384 1.43696
4.1395 1.43734
4.1406 1.43772
4.1417 1.43811
4.1428 1.43849
4.1439 1.43887
4.145 1.43926
4.1461 1.43964
4.1472 1.44003
4.1483 1.44042
4.1494 1.4408
4.1505 1.44119
4.1516 1.44158
4.1527 1.44196
4.1538 1.44235
4.1549 1.44274
4.156 1.44313
4.1571 1.44352
4.1582 1.44391
4.1593 1.4443
4.1604 1.44469
4.1615 1.44508
4.1626 1.44547
4.1637 1.44586
4.1648 1.44625
4.1659 1.44664
4.167 1.44704
4.1681 1.44743
4.1692 1.44782
4.1703 1.44822
4.1714 1.44861
4.1725 1.44901
4.1736 1.4494
4.1747 1.4498
4.1758 1.45019
4.1769 1.45059
4.178 1.45099
4.1791 1.45138
4.1802 1.45178
4.1813 1.45218
4.1824 1.45258
4.1835 1.45297
4.1846 1.45337
4.1857 1.45377
4.1868 1.45417
4.1879 1.45457
4.189 1.45497
4.1901 1.45537
4.1912 1.45578
4.1923 1.45618
4.1934 1.45658
4.1945 1.45698
4.1956 1.45738
4.1967 1.45779
4.1978 1.45819
4.1989 1.4586
4.2 1.459
4.2011 1.45941
4.2022 1.45981
4.2033 1.46022
4.2044 1.46062
4.2055 1.46103
4.2066 1.46144
4.2077 1.46185
4.2088 1.46225
4.2099 1.46266
4.211 1.46307
4.2121 1.46348
4.2132 1.46389
4.2143 1.4643
4.2154 1.46471
4.2165 1.46512
4.2176 1.46553
4.2187 1.46594
4.2198 1.46636
4.2209 1.46677
4.222 1.46718
4.2231 1.4676
4.2242 1.46801
4.2253 1.46842
4.2264 1.46884
4.2275 1.46925
4.2286 1.46967
4.2297 1.47009
4.2308 1.4705
4.2319 1.47092
4.233 1.47134
4.2341 1.47175
4.2352 1.47217
4.2363 1.47259
4.2374 1.47301
4.2385 1.47343
4.2396 1.47385
4.2407 1.47427
4.2418 1.47469
4.2429 1.47511
4.244 1.47553
4.2451 1.47596
4.2462 1.47638
4.2473 1.4768
4.2484 1.47722
4.2495 1.47765
4.2506 1.47807
4.2517 1.4785
4.2528 1.47892
4.2539 1.47935
4.255 1.47977
4.2561 1.4802
4.2572 1.48063
4.2583 1.48105
4.2594 1.48148
4.2605 1.48191
4.2616 1.48234
4.2627 1.48277
4.2638 1.4832
4.2649 1.48363
4.266 1.48406
4.2671 1.48449
4.2682 1.48492
4.2693 1.48535
4.2704 1.48578
4.2715 1.48622
4.2726 1.48665
4.2737 1.48708
4.2748 1.48752
4.2759 1.48795
4.277 1.48839
4.2781 1.48882
4.2792 1.48926
4.2803 1.4897
4.2814 1.49013
4.2825 1.49057
4.2836 1.49101
4.2847 1.49145
4.2858 1.49189
4.2869 1.49232
4.288 1.49276
4.2891 1.4932
4.2902 1.49365
4.2913 1.49409
4.2924 1.49453
4.2935 1.49497
4.2946 1.49541
4.2957 1.49586
4.2968 1.4963
4.2979 1.49674
4.299 1.49719
4.3001 1.49763
4.3012 1.49808
4.3023 1.49852
4.3034 1.49897
4.3045 1.49942
4.3056 1.49986
4.3067 1.50031
4.3078 1.50076
4.3089 1.50121
4.31 1.50166
4.3111 1.50211
4.3122 1.50256
4.3133 1.50301
4.3144 1.50346
4.3155 1.50391
4.3166 1.50436
4.3177 1.50482
4.3188 1.50527
4.3199 1.50572
4.321 1.50618
4.3221 1.50663
4.3232 1.50709
4.3243 1.50754
4.3254 1.508
4.3265 1.50845
4.3276 1.50891
4.3287 1.50937
4.3298 1.50983
4.3309 1.51028
4.332 1.51074
4.3331 1.5112
4.3342 1.51166
4.3353 1.51212
4.3364 1.51258
4.3375 1.51305
4.3386 1.51351
4.3397 1.51397
4.3408 1.51443
4.3419 1.5149
4.343 1.51536
4.3441 1.51582
4.3452 1.51629
4.3463 1.51676
4.3474 1.51722
4.3485 1.51769
4.3496 1.51815
4.3507 1.51862
4.3518 1.51909
4.3529 1.51956
4.354 1.52003
4.3551 1.5205
4.3562 1.52097
4.3573 1.52144
4.3584 1.52191
4.3595 1.52238
4.3606 1.52285
4.3617 1.52333
4.3628 1.5238
4.3639 1.52427
4.365 1.52475
4.3661 1.52522
4.3672 1.5257
4.3683 1.52617
4.3694 1.52665
4.3705 1.52712
4.3716 1.5276
4.3727 1.52808
4.3738 1.52856
4.3749 1.52904
4.376 1.52952
4.3771 1.53
4.3782 1.53048
4.3793 1.53096
4.3804 1.53144
4.3815 1.53192
4.3826 1.5324
4.3837 1.53289
4.3848 1.53337
4.3859 1.53386
4.387 1.53434
4.3881 1.53483
4.3892 1.53531
4.3903 1.5358
4.3914 1.53629
4.3925 1.53677
4.3936 1.53726
4.3947 1.53775
4.3958 1.53824
4.3969 1.53873
4.398 1.53922
4.3991 1.53971
4.4002 1.5402
4.4013 1.54069
4.4024 1.54119
4.4035 1.54168
4.4046 1.54217
4.4057 1.54267
4.4068 1.54316
4.4079 1.54366
4.409 1.54415
4.4101 1.54465
4.4112 1.54515
4.4123 1.54564
4.4134 1.54614
4.4145 1.54664
4.4156 1.54714
4.4167 1.54764
4.4178 1.54814
4.4189 1.54864
4.42 1.54914
4.4211 1.54964
4.4222 1.55014
4.4233 1.55065
4.4244 1.55115
4.4255 1.55166
4.4266 1.55216
4.4277 1.55267
4.4288 1.55317
4.4299 1.55368
4.431 1.55418
4.4321 1.55469
4.4332 1.5552
4.4343 1.55571
4.4354 1.55622
4.4365 1.55673
4.4376 1.55724
4.4387 1.55775
4.4398 1.55826
4.4409 1.55878
4.442 1.55929
4.4431 1.5598
4.4442 1.56032
4.4453 1.56083
4.4464 1.56135
4.4475 1.56186
4.4486 1.56238
4.4497 1.5629
4.4508 1.56341
4.4519 1.56393
4.453 1.56445
4.4541 1.56497
4.4552 1.56549
4.4563 1.56601
4.4574 1.56653
4.4585 1.56705
4.4596 1.56758
4.4607 1.5681
4.4618 1.56862
4.4629 1.56915
4.464 1.56967
4.4651 1.5702
4.4662 1.57072
4.4673 1.57125
4.4684 1.57178
4.4695 1.57231
4.4706 1.57283
4.4717 1.57336
4.4728 1.57389
4.4739 1.57442
4.475 1.57495
4.4761 1.57549
4.4772 1.57602
4.4783 1.57655
4.4794 1.57708
4.4805 1.57762
4.4816 1.57815
4.4827 1.57869
4.4838 1.57922
4.4849 1.57976
4.486 1.5803
4.4871 1.58084
4.4882 1.58137
4.4893 1.58191
4.4904 1.58245
4.4915 1.58299
4.4926 1.58353
4.4937 1.58408
4.4948 1.58462
4.4959 1.58516
4.497 1.58571
4.4981 1.58625
4.4992 1.58679
4.5003 1.58734
4.5014 1.58789
4.5025 1.58843
4.5036 1.58898
4.5047 1.58953
4.5058 1.59008
4.5069 1.59063
4.508 1.59118
4.5091 1.59173
4.5102 1.59228
4.5113 1.59283
4.5124 1.59338
4.5135 1.59394
4.5146 1.59449
4.5157 1.59504
4.5168 1.5956
4.5179 1.59616
4.519 1.59671
4.5201 1.59727
4.5212 1.59783
4.5223 1.59839
4.5234 1.59895
4.5245 1.5995
4.5256 1.60007
4.5267 1.60063
4.5278 1.60119
4.5289 1.60175
4.53 1.60232
4.5311 1.60288
4.5322 1.60344
4.5333 1.60401
4.5344 1.60458
4.5355 1.60514
4.5366 1.60571
4.5377 1.60628
4.5388 1.60685
4.5399 1.60742
4.541 1.60799
4.5421 1.60856
4.5432 1.60913
4.5443 1.6097
4.5454 1.61027
4.5465 1.61085
4.5476 1.61142
4.5487 1.612
4.5498 1.61257
4.5509 1.61315
4.552 1.61373
4.5531 1.6143
4.5542 1.61488
4.5553 1.61546
4.5564 1.61604
4.5575 1.61662
4.5586 1.6172
4.5597 1.61779
4.5608 1.61837
4.5619 1.61895
4.563 1.61954
4.5641 1.62012
4.5652 1.62071
4.5663 1.62129
4.5674 1.62188
4.5685 1.62247
4.5696 1.62305
4.5707 1.62364
4.5718 1.62423
4.5729 1.62482
4.574 1.62542
4.5751 1.62601
4.5762 1.6266
4.5773 1.62719
4.5784 1.62779
4.5795 1.62838
4.5806 1.62898
4.5817 1.62958
4.5828 1.63017
4.5839 1.63077
4.585 1.63137
4.5861 1.63197
4.5872 1.63257
4.5883 1.63317
4.5894 1.63377
4.5905 1.63437
4.5916 1.63498
4.5927 1.63558
4.5938 1.63619
4.5949 1.63679
4.596 1.6374
4.5971 1.638
4.5982 1.63861
4.5993 1.63922
4.6004 1.63983
4.6015 1.64044
4.6026 1.64105
4.6037 1.64166
4.6048 1.64227
4.6059 1.64289
4.607 1.6435
4.6081 1.64412
4.6092 1.64473
4.6103 1.64535
4.6114 1.64596
4.6125 1.64658
4.6136 1.6472
4.6147 1.64782
4.6158 1.64844
4.6169 1.64906
4.618 1.64968
4.6191 1.6503
4.6202 1.65093
4.6213 1.65155
4.6224 1.65218
4.6235 1.6528
4.6246 1.65343
4.6257 1.65406
4.6268 1.65468
4.6279 1.65531
4.629 1.65594
4.6301 1.65657
4.6312 1.6572
4.6323 1.65783
4.6334 1.65847
4.6345 1.6591
4.6356 1.65974
4.6367 1.66037
4.6378 1.66101
4.6389 1.66164
4.64 1.66228
4.6411 1.66292
4.6422 1.66356
4.6433 1.6642
4.6444 1.66484
4.6455 1.66548
4.6466 1.66612
4.6477 1.66677
4.6488 1.66741
4.6499 1.66806
4.651 1.6687
4.6521 1.66935
4.6532 1.67
4.6543 1.67064
4.6554 1.67129
4.6565 1.67194
4.6576 1.67259
4.6587 1.67324
4.6598 1.6739
4.6609 1.67455
4.662 1.67521
4.6631 1.67586
4.6642 1.67652
4.6653 1.67717
4.6664 1.67783
4.6675 1.67849
4.6686 1.67915
4.6697 1.67981
4.6708 1.68047
4.6719 1.68113
4.673 1.68179
4.6741 1.68246
4.6752 1.68312
4.6763 1.68379
4.6774 1.68445
4.6785 1.68512
4.6796 1.68579
4.6807 1.68646
4.6818 1.68713
4.6829 1.6878
4.684 1.68847
4.6851 1.68914
4.6862 1.68981
4.6873 1.69049
4.6884 1.69116
4.6895 1.69184
4.6906 1.69252
4.6917 1.69319
4.6928 1.69387
4.6939 1.69455
4.695 1.69523
4.6961 1.69592
4.6972 1.6966
4.6983 1.69728
4.6994 1.69797
4.7005 1.69865
4.7016 1.69934
4.7027 1.70002
4.7038 1.70071
4.7049 1.7014
4.706 1.70209
4.7071 1.70278
4.7082 1.70347
4.7093 1.70416
4.7104 1.70486
4.7115 1.70555
4.7126 1.70624
4.7137 1.70694
4.7148 1.70764
4.7159 1.70834
4.717 1.70904
4.7181 1.70973
4.7192 1.71044
4.7203 1.71114
4.7214 1.71184
4.7225 1.71254
4.7236 1.71325
4.7247 1.71395
4.7258 1.71466
4.7269 1.71537
4.728 1.71608
4.7291 1.71678
4.7302 1.71749
4.7313 1.71821
4.7324 1.71892
4.7335 1.71963
4.7346 1.72034
4.7357 1.72106
4.7368 1.72178
4.7379 1.72249
4.739 1.72321
4.7401 1.72393
4.7412 1.72465
4.7423 1.72537
4.7434 1.72609
4.7445 1.72682
4.7456 1.72754
4.7467 1.72826
4.7478 1.72899
4.7489 1.72972
4.75 1.73044
4.7511 1.73117
4.7522 1.7319
4.7533 1.73263
4.7544 1.73337
4.7555 1.7341
4.7566 1.73483
4.7577 1.73557
4.7588 1.7363
4.7599 1.73704
4.761 1.73778
4.7621 1.73852
4.7632 1.73926
4.7643 1.74
4.7654 1.74074
4.7665 1.74148
4.7676 1.74223
4.7687 1.74297
4.7698 1.74372
4.7709 1.74446
4.772 1.74521
4.7731 1.74596
4.7742 1.74671
4.7753 1.74746
4.7764 1.74822
4.7775 1.74897
4.7786 1.74972
4.7797 1.75048
4.7808 1.75124
4.7819 1.75199
4.783 1.75275
4.7841 1.75351
4.7852 1.75427
4.7863 1.75504
4.7874 1.7558
4.7885 1.75656
4.7896 1.75733
4.7907 1.75809
4.7918 1.75886
4.7929 1.75963
4.794 1.7604
4.7951 1.76117
4.7962 1.76194
4.7973 1.76271
4.7984 1.76349
4.7995 1.76426
4.8006 1.76504
4.8017 1.76582
4.8028 1.76659
4.8039 1.76737
4.805 1.76815
4.8061 1.76894
4.8072 1.76972
4.8083 1.7705
4.8094 1.77129
4.8105 1.77207
4.8116 1.77286
4.8127 1.77365
4.8138 1.77444
4.8149 1.77523
4.816 1.77602
4.8171 1.77681
4.8182 1.77761
4.8193 1.7784
4.8204 1.7792
4.8215 1.78
4.8226 1.78079
4.8237 1.7816
4.8248 1.7824
4.8259 1.7832
4.827 1.784
4.8281 1.7848
4.8292 1.78561
4.8303 1.78642
4.8314 1.78722
4.8325 1.78803
4.8336 1.78884
4.8347 1.78965
4.8358 1.79047
4.8369 1.79128
4.838 1.7921
4.8391 1.79291
4.8402 1.79373
4.8413 1.79455
4.8424 1.79537
4.8435 1.79619
4.8446 1.79701
4.8457 1.79783
4.8468 1.79866
4.8479 1.79948
4.849 1.80031
4.8501 1.80114
4.8512 1.80197
4.8523 1.8028
4.8534 1.80363
4.8545 1.80446
4.8556 1.8053
4.8567 1.80613
4.8578 1.80697
4.8589 1.80781
4.86 1.80865
4.8611 1.80949
4.8622 1.81033
4.8633 1.81117
4.8644 1.81201
4.8655 1.81286
4.8666 1.81371
4.8677 1.81455
4.8688 1.8154
4.8699 1.81625
4.871 1.81711
4.8721 1.81796
4.8732 1.81881
4.8743 1.81967
4.8754 1.82053
4.8765 1.82138
4.8776 1.82224
4.8787 1.8231
4.8798 1.82396
4.8809 1.82483
4.882 1.82569
4.8831 1.82656
4.8842 1.82743
4.8853 1.8283
4.8864 1.82916
4.8875 1.83004
4.8886 1.83091
4.8897 1.83178
4.8908 1.83266
4.8919 1.83353
4.893 1.83441
4.8941 1.83529
4.8952 1.83617
4.8963 1.83705
4.8974 1.83793
4.8985 1.83882
4.8996 1.8397
4.9007 1.84059
4.9018 1.84148
4.9029 1.84237
4.904 1.84326
4.9051 1.84415
4.9062 1.84505
4.9073 1.84594
4.9084 1.84684
4.9095 1.84774
4.9106 1.84864
4.9117 1.84954
4.9128 1.85044
4.9139 1.85134
4.915 1.85225
4.9161 1.85315
4.9172 1.85406
4.9183 1.85497
4.9194 1.85588
4.9205 1.85679
4.9216 1.85771
4.9227 1.85862
4.9238 1.85954
4.9249 1.86045
4.926 1.86137
4.9271 1.86229
4.9282 1.86321
4.9293 1.86414
4.9304 1.86506
4.9315 1.86599
4.9326 1.86692
4.9337 1.86784
4.9348 1.86877
4.9359 1.86971
4.937 1.87064
4.9381 1.87157
4.9392 1.87251
4.9403 1.87345
4.9414 1.87439
4.9425 1.87533
4.9436 1.87627
4.9447 1.87721
4.9458 1.87816
4.9469 1.87911
4.948 1.88005
4.9491 1.881
4.9502 1.88195
4.9513 1.88291
4.9524 1.88386
4.9535 1.88482
4.9546 1.88577
4.9557 1.88673
4.9568 1.88769
4.9579 1.88865
4.959 1.88962
4.9601 1.89058
4.9612 1.89155
4.9623 1.89252
4.9634 1.89349
4.9645 1.89446
4.9656 1.89543
4.9667 1.8964
4.9678 1.89738
4.9689 1.89836
4.97 1.89934
4.9711 1.90031
4.9722 1.9013
4.9733 1.90228
4.9744 1.90327
4.9755 1.90425
4.9766 1.90524
4.9777 1.90623
4.9788 1.90722
4.9799 1.90822
4.981 1.90921
4.9821 1.91021
4.9832 1.9112
4.9843 1.9122
4.9854 1.9132
4.9865 1.91421
4.9876 1.91521
4.9887 1.91622
4.9898 1.91722
4.9909 1.91823
4.992 1.91924
4.9931 1.92026
4.9942 1.92127
4.9953 1.92229
4.9964 1.92331
4.9975 1.92433
4.9986 1.92535
4.9997 1.92637
5.0008 1.92739
5.0019 1.92842
5.003 1.92944
5.0041 1.93047
5.0052 1.93151
5.0063 1.93254
5.0074 1.93357
5.0085 1.93461
5.0096 1.93565
5.0107 1.93669
5.0118 1.93773
5.0129 1.93877
5.014 1.93981
5.0151 1.94086
5.0162 1.94191
5.0173 1.94296
5.0184 1.94401
5.0195 1.94506
5.0206 1.94612
5.0217 1.94718
5.0228 1.94824
5.0239 1.9493
5.025 1.95036
5.0261 1.95142
5.0272 1.95249
5.0283 1.95355
5.0294 1.95462
5.0305 1.95569
5.0316 1.95677
5.0327 1.95784
5.0338 1.95892
5.0349 1.96
5.036 1.96108
5.0371 1.96216
5.0382 1.96324
5.0393 1.96433
5.0404 1.96542
5.0415 1.96651
5.0426 1.9676
5.0437 1.96869
5.0448 1.96979
5.0459 1.97088
5.047 1.97198
5.0481 1.97308
5.0492 1.97418
5.0503 1.97529
5.0514 1.9764
5.0525 1.9775
5.0536 1.97861
5.0547 1.97973
5.0558 1.98084
5.0569 1.98195
5.058 1.98307
5.0591 1.98419
5.0602 1.98531
5.0613 1.98644
5.0624 1.98756
5.0635 1.98869
5.0646 1.98982
5.0657 1.99095
5.0668 1.99208
5.0679 1.99322
5.069 1.99436
5.0701 1.9955
5.0712 1.99664
5.0723 1.99778
5.0734 1.99893
5.0745 2.00007
5.0756 2.00122
5.0767 2.00237
5.0778 2.00353
5.0789 2.00468
5.08 2.00584
5.0811 2.007
5.0822 2.00816
5.0833 2.00932
5.0844 2.01049
5.0855 2.01166
5.0866 2.01283
5.0877 2.014
5.0888 2.01517
5.0899 2.01634
5.091 2.01752
5.0921 2.0187
5.0932 2.01988
5.0943 2.02107
5.0954 2.02225
5.0965 2.02344
5.0976 2.02463
5.0987 2.02583
5.0998 2.02702
5.1009 2.02822
5.102 2.02942
5.1031 2.03062
5.1042 2.03182
5.1053 2.03303
5.1064 2.03423
5.1075 2.03544
5.1086 2.03665
5.1097 2.03787
5.1108 2.03908
5.1119 2.0403
5.113 2.04152
5.1141 2.04274
5.1152 2.04397
5.1163 2.0452
5.1174 2.04643
5.1185 2.04766
5.1196 2.04889
5.1207 2.05013
5.1218 2.05137
5.1229 2.05261
5.124 2.05385
5.1251 2.05509
5.1262 2.05634
5.1273 2.05759
5.1284 2.05884
5.1295 2.0601
5.1306 2.06135
5.1317 2.06261
5.1328 2.06387
5.1339 2.06514
5.135 2.0664
5.1361 2.06767
5.1372 2.06894
5.1383 2.07021
5.1394 2.07149
5.1405 2.07276
5.1416 2.07405
5.1427 2.07533
5.1438 2.07661
5.1449 2.0779
5.146 2.07919
5.1471 2.08048
5.1482 2.08177
5.1493 2.08307
5.1504 2.08437
5.1515 2.08567
5.1526 2.08697
5.1537 2.08828
5.1548 2.08959
5.1559 2.0909
5.157 2.09221
5.1581 2.09353
5.1592 2.09485
5.1603 2.09617
5.1614 2.09749
5.1625 2.09882
5.1636 2.10014
5.1647 2.10148
5.1658 2.10281
5.1669 2.10414
5.168 2.10548
5.1691 2.10682
5.1702 2.10817
5.1713 2.10951
5.1724 2.11086
5.1735 2.11221
5.1746 2.11357
5.1757 2.11492
5.1768 2.11628
5.1779 2.11764
5.179 2.11901
5.1801 2.12037
5.1812 2.12174
5.1823 2.12312
5.1834 2.12449
5.1845 2.12587
5.1856 2.12725
5.1867 2.12863
5.1878 2.13002
5.1889 2.1314
5.19 2.13279
5.1911 2.13419
5.1922 2.13558
5.1933 2.13698
5.1944 2.13838
5.1955 2.13979
5.1966 2.14119
5.1977 2.1426
5.1988 2.14402
5.1999 2.14543
5.201 2.14685
5.2021 2.14827
5.2032 2.14969
5.2043 2.15112
5.2054 2.15255
5.2065 2.15398
5.2076 2.15541
5.2087 2.15685
5.2098 2.15829
5.2109 2.15973
5.212 2.16118
5.2131 2.16263
5.2142 2.16408
5.2153 2.16553
5.2164 2.16699
5.2175 2.16845
5.2186 2.16991
5.2197 2.17138
5.2208 2.17285
5.2219 2.17432
5.223 2.17579
5.2241 2.17727
5.2252 2.17875
5.2263 2.18023
5.2274 2.18172
5.2285 2.18321
5.2296 2.1847
5.2307 2.1862
5.2318 2.1877
5.2329 2.1892
5.234 2.1907
5.2351 2.19221
5.2362 2.19372
5.2373 2.19523
5.2384 2.19675
5.2395 2.19827
5.2406 2.19979
5.2417 2.20132
5.2428 2.20284
5.2439 2.20438
5.245 2.20591
5.2461 2.20745
5.2472 2.20899
5.2483 2.21053
5.2494 2.21208
5.2505 2.21363
5.2516 2.21519
5.2527 2.21674
5.2538 2.2183
5.2549 2.21987
5.256 2.22143
5.2571 2.22301
5.2582 2.22458
5.2593 2.22615
5.2604 2.22773
5.2615 2.22932
5.2626 2.2309
5.2637 2.23249
5.2648 2.23408
5.2659 2.23568
5.267 2.23728
5.2681 2.23888
5.2692 2.24049
5.2703 2.2421
5.2714 2.24371
5.2725 2.24533
5.2736 2.24694
5.2747 2.24857
5.2758 2.25019
5.2769 2.25182
5.278 2.25346
5.2791 2.25509
5.2802 2.25673
5.2813 2.25838
5.2824 2.26002
5.2835 2.26167
5.2846 2.26333
5.2857 2.26498
5.2868 2.26664
5.2879 2.26831
5.289 2.26998
5.2901 2.27165
5.2912 2.27332
5.2923 2.275
5.2934 2.27668
5.2945 2.27837
5.2956 2.28006
5.2967 2.28175
5.2978 2.28345
5.2989 2.28515
5.3 2.28685
5.3011 2.28856
5.3022 2.29027
5.3033 2.29198
5.3044 2.2937
5.3055 2.29542
5.3066 2.29715
5.3077 2.29888
5.3088 2.30061
5.3099 2.30235
5.311 2.30409
5.3121 2.30583
5.3132 2.30758
5.3143 2.30933
5.3154 2.31109
5.3165 2.31285
5.3176 2.31461
5.3187 2.31638
5.3198 2.31815
5.3209 2.31993
5.322 2.32171
5.3231 2.32349
5.3242 2.32528
5.3253 2.32707
5.3264 2.32886
5.3275 2.33066
5.3286 2.33246
5.3297 2.33427
5.3308 2.33608
5.3319 2.33789
5.333 2.33971
5.3341 2.34154
5.3352 2.34336
5.3363 2.34519
5.3374 2.34703
5.3385 2.34887
5.3396 2.35071
5.3407 2.35256
5.3418 2.35441
5.3429 2.35626
5.344 2.35812
5.3451 2.35999
5.3462 2.36185
5.3473 2.36373
5.3484 2.3656
5.3495 2.36748
5.3506 2.36937
5.3517 2.37126
5.3528 2.37315
5.3539 2.37505
5.355 2.37695
5.3561 2.37886
5.3572 2.38077
5.3583 2.38268
5.3594 2.3846
5.3605 2.38652
5.3616 2.38845
5.3627 2.39039
5.3638 2.39232
5.3649 2.39426
5.366 2.39621
5.3671 2.39816
5.3682 2.40011
5.3693 2.40207
5.3704 2.40404
5.3715 2.406
5.3726 2.40798
5.3737 2.40996
5.3748 2.41194
5.3759 2.41392
5.377 2.41592
5.3781 2.41791
5.3792 2.41991
5.3803 2.42192
5.3814 2.42393
5.3825 2.42594
5.3836 2.42796
5.3847 2.42998
5.3858 2.43201
5.3869 2.43405
5.388 2.43608
5.3891 2.43813
5.3902 2.44018
5.3913 2.44223
5.3924 2.44429
5.3935 2.44635
5.3946 2.44841
5.3957 2.45049
5.3968 2.45256
5.3979 2.45464
5.399 2.45673
5.4001 2.45882
5.4012 2.46092
5.4023 2.46302
5.4034 2.46513
5.4045 2.46724
5.4056 2.46936
5.4067 2.47148
5.4078 2.47361
5.4089 2.47574
5.41 2.47788
5.4111 2.48002
5.4122 2.48217
5.4133 2.48432
5.4144 2.48648
5.4155 2.48864
5.4166 2.49081
5.4177 2.49298
5.4188 2.49516
5.4199 2.49735
5.421 2.49954
5.4221 2.50173
5.4232 2.50393
5.4243 2.50614
5.4254 2.50835
5.4265 2.51057
5.4276 2.51279
5.4287 2.51502
5.4298 2.51725
5.4309 2.51949
5.432 2.52173
5.4331 2.52398
5.4342 2.52623
5.4353 2.52849
5.4364 2.53076
5.4375 2.53303
5.4386 2.53531
5.4397 2.53759
5.4408 2.53988
5.4419 2.54218
5.443 2.54448
5.4441 2.54678
5.4452 2.5491
5.4463 2.55141
5.4474 2.55373
5.4485 2.55607
5.4496 2.5584
5.4507 2.56074
5.4518 2.56309
5.4529 2.56544
5.454 2.5678
5.4551 2.57016
5.4562 2.57253
5.4573 2.57491
5.4584 2.57729
5.4595 2.57968
5.4606 2.58208
5.4617 2.58448
5.4628 2.58689
5.4639 2.5893
5.465 2.59172
5.4661 2.59414
5.4672 2.59658
5.4683 2.59901
5.4694 2.60146
5.4705 2.60391
5.4716 2.60637
5.4727 2.60883
5.4738 2.6113
5.4749 2.61377
5.476 2.61626
5.4771 2.61875
5.4782 2.62124
5.4793 2.62374
5.4804 2.62625
5.4815 2.62877
5.4826 2.63129
5.4837 2.63382
5.4848 2.63635
5.4859 2.63889
5.487 2.64144
5.4881 2.644
5.4892 2.64656
5.4903 2.64913
5.4914 2.6517
5.4925 2.65428
5.4936 2.65687
5.4947 2.65947
5.4958 2.66207
5.4969 2.66468
5.498 2.6673
5.4991 2.66992
5.5002 2.67255
5.5013 2.67519
5.5024 2.67783
5.5035 2.68048
5.5046 2.68314
5.5057 2.68581
5.5068 2.68848
5.5079 2.69116
5.509 2.69385
5.5101 2.69654
5.5112 2.69925
5.5123 2.70196
5.5134 2.70467
5.5145 2.7074
5.5156 2.71013
5.5167 2.71287
5.5178 2.71561
5.5189 2.71837
5.52 2.72113
5.5211 2.7239
5.5222 2.72667
5.5233 2.72946
5.5244 2.73225
5.5255 2.73505
5.5266 2.73786
5.5277 2.74067
5.5288 2.7435
5.5299 2.74633
5.531 2.74916
5.5321 2.75201
5.5332 2.75487
5.5343 2.75773
5.5354 2.7606
5.5365 2.76348
5.5376 2.76636
5.5387 2.76926
5.5398 2.77216
5.5409 2.77507
5.542 2.77799
5.5431 2.78091
5.5442 2.78385
5.5453 2.78679
5.5464 2.78975
5.5475 2.79271
5.5486 2.79567
5.5497 2.79865
5.5508 2.80164
5.5519 2.80463
5.553 2.80763
5.5541 2.81064
5.5552 2.81366
5.5563 2.81669
5.5574 2.81973
5.5585 2.82277
5.5596 2.82583
5.5607 2.82889
5.5618 2.83196
5.5629 2.83504
5.564 2.83813
5.5651 2.84123
5.5662 2.84434
5.5673 2.84746
5.5684 2.85058
5.5695 2.85372
5.5706 2.85686
5.5717 2.86002
5.5728 2.86318
5.5739 2.86635
5.575 2.86953
5.5761 2.87272
5.5772 2.87592
5.5783 2.87913
5.5794 2.88235
5.5805 2.88558
5.5816 2.88881
5.5827 2.89206
5.5838 2.89532
5.5849 2.89858
5.586 2.90186
5.5871 2.90515
5.5882 2.90844
5.5893 2.91175
5.5904 2.91506
5.5915 2.91839
5.5926 2.92172
5.5937 2.92507
5.5948 2.92842
5.5959 2.93179
5.597 2.93517
5.5981 2.93855
5.5992 2.94195
5.6003 2.94536
5.6014 2.94877
5.6025 2.9522
5.6036 2.95564
5.6047 2.95909
5.6058 2.96254
5.6069 2.96601
5.608 2.96949
5.6091 2.97298
5.6102 2.97649
5.6113 2.98
5.6124 2.98352
5.6135 2.98706
5.6146 2.9906
5.6157 2.99416
5.6168 2.99772
5.6179 3.0013
5.619 3.00489
5.6201 3.00849
5.6212 3.0121
5.6223 3.01572
5.6234 3.01936
5.6245 3.023
5.6256 3.02666
5.6267 3.03033
5.6278 3.03401
5.6289 3.0377
5.63 3.0414
5.6311 3.04512
5.6322 3.04884
5.6333 3.05258
5.6344 3.05633
5.6355 3.0601
5.6366 3.06387
5.6377 3.06766
5.6388 3.07146
5.6399 3.07527
5.641 3.07909
5.6421 3.08292
5.6432 3.08677
5.6443 3.09063
5.6454 3.0945
5.6465 3.09839
5.6476 3.10228
5.6487 3.1062
5.6498 3.11012
5.6509 3.11405
5.652 3.118
5.6531 3.12196
5.6542 3.12594
5.6553 3.12992
5.6564 3.13392
5.6575 3.13794
5.6586 3.14196
5.6597 3.146
5.6608 3.15006
5.6619 3.15412
5.663 3.1582
5.6641 3.1623
5.6652 3.1664
5.6663 3.17052
5.6674 3.17466
5.6685 3.17881
5.6696 3.18297
5.6707 3.18714
5.6718 3.19133
5.6729 3.19554
5.674 3.19976
5.6751 3.20399
5.6762 3.20823
5.6773 3.2125
5.6784 3.21677
5.6795 3.22106
5.6806 3.22537
5.6817 3.22969
5.6828 3.23402
5.6839 3.23837
5.685 3.24273
5.6861 3.24711
5.6872 3.2515
5.6883 3.25591
5.6894 3.26033
5.6905 3.26477
5.6916 3.26923
5.6927 3.2737
5.6938 3.27818
5.6949 3.28268
5.696 3.2872
5.6971 3.29173
5.6982 3.29628
5.6993 3.30084
5.7004 3.30542
5.7015 3.31002
5.7026 3.31463
5.7037 3.31926
5.7048 3.3239
5.7059 3.32856
5.707 3.33324
5.7081 3.33793
5.7092 3.34264
5.7103 3.34737
5.7114 3.35211
5.7125 3.35687
5.7136 3.36165
5.7147 3.36645
5.7158 3.37126
5.7169 3.37609
5.718 3.38093
5.7191 3.3858
5.7202 3.39068
5.7213 3.39558
5.7224 3.4005
5.7235 3.40543
5.7246 3.41038
5.7257 3.41535
5.7268 3.42034
5.7279 3.42535
5.729 3.43037
5.7301 3.43542
5.7312 3.44048
5.7323 3.44556
5.7334 3.45066
5.7345 3.45578
5.7356 3.46091
5.7367 3.46607
5.7378 3.47125
5.7389 3.47644
5.74 3.48165
5.7411 3.48689
5.7422 3.49214
5.7433 3.49741
5.7444 3.5027
5.7455 3.50802
5.7466 3.51335
5.7477 3.5187
5.7488 3.52407
5.7499 3.52946
5.751 3.53488
5.7521 3.54031
5.7532 3.54576
5.7543 3.55124
5.7554 3.55673
5.7565 3.56225
5.7576 3.56779
5.7587 3.57335
5.7598 3.57893
5.7609 3.58453
5.762 3.59015
5.7631 3.5958
5.7642 3.60147
5.7653 3.60716
5.7664 3.61287
5.7675 3.6186
5.7686 3.62436
5.7697 3.63013
5.7708 3.63593
5.7719 3.64176
5.773 3.6476
5.7741 3.65347
5.7752 3.65936
5.7763 3.66528
5.7774 3.67122
5.7785 3.67718
5.7796 3.68317
5.7807 3.68918
5.7818 3.69521
5.7829 3.70127
5.784 3.70735
5.7851 3.71346
5.7862 3.71959
5.7873 3.72575
5.7884 3.73193
5.7895 3.73813
5.7906 3.74436
5.7917 3.75062
5.7928 3.7569
5.7939 3.76321
5.795 3.76954
5.7961 3.7759
5.7972 3.78228
5.7983 3.78869
5.7994 3.79513
5.8005 3.80159
5.8016 3.80808
5.8027 3.8146
5.8038 3.82114
5.8049 3.82771
5.806 3.83431
5.8071 3.84094
5.8082 3.84759
5.8093 3.85427
5.8104 3.86098
5.8115 3.86772
5.8126 3.87448
5.8137 3.88128
5.8148 3.8881
5.8159 3.89495
5.817 3.90183
5.8181 3.90874
5.8192 3.91568
5.8203 3.92265
5.8214 3.92965
5.8225 3.93668
5.8236 3.94373
5.8247 3.95082
5.8258 3.95794
5.8269 3.96509
5.828 3.97227
5.8291 3.97948
5.8302 3.98673
5.8313 3.994
5.8324 4.00131
5.8335 4.00865
5.8346 4.01602
5.8357 4.02342
5.8368 4.03086
5.8379 4.03832
5.839 4.04582
5.8401 4.05336
5.8412 4.06092
5.8423 4.06853
5.8434 4.07616
5.8445 4.08383
5.8456 4.09153
5.8467 4.09927
5.8478 4.10704
5.8489 4.11485
5.85 4.12269
5.8511 4.13057
5.8522 4.13848
5.8533 4.14643
5.8544 4.15441
5.8555 4.16244
5.8566 4.17049
5.8577 4.17859
5.8588 4.18672
5.8599 4.19489
5.861 4.20309
5.8621 4.21134
5.8632 4.21962
5.8643 4.22794
5.8654 4.2363
5.8665 4.2447
5.8676 4.25314
5.8687 4.26161
5.8698 4.27013
5.8709 4.27868
5.872 4.28728
5.8731 4.29592
5.8742 4.30459
5.8753 4.31331
5.8764 4.32207
5.8775 4.33087
5.8786 4.33972
5.8797 4.3486
5.8808 4.35753
5.8819 4.3665
5.883 4.37551
5.8841 4.38457
5.8852 4.39367
5.8863 4.40282
5.8874 4.412
5.8885 4.42124
5.8896 4.43051
5.8907 4.43984
5.8918 4.44921
5.8929 4.45862
5.894 4.46808
5.8951 4.47759
5.8962 4.48715
5.8973 4.49675
5.8984 4.5064
5.8995 4.51609
5.9006 4.52584
5.9017 4.53563
5.9028 4.54547
5.9039 4.55537
5.905 4.56531
5.9061 4.5753
5.9072 4.58534
5.9083 4.59543
5.9094 4.60558
5.9105 4.61577
5.9116 4.62602
5.9127 4.63632
5.9138 4.64667
5.9149 4.65708
5.916 4.66754
5.9171 4.67805
5.9182 4.68861
5.9193 4.69924
5.9204 4.70991
5.9215 4.72064
5.9226 4.73143
5.9237 4.74228
5.9248 4.75318
5.9259 4.76414
5.927 4.77515
5.9281 4.78623
5.9292 4.79736
5.9303 4.80855
5.9314 4.8198
5.9325 4.83111
5.9336 4.84248
5.9347 4.85391
5.9358 4.8654
5.9369 4.87696
5.938 4.88858
5.9391 4.90026
5.9402 4.912
5.9413 4.9238
5.9424 4.93568
5.9435 4.94761
5.9446 4.95961
5.9457 4.97168
5.9468 4.98381
5.9479 4.99601
5.949 5.00828
5.9501 5.02061
5.9512 5.03301
5.9523 5.04549
5.9534 5.05803
5.9545 5.07064
5.9556 5.08332
5.9567 5.09608
5.9578 5.1089
5.9589 5.1218
5.96 5.13477
5.9611 5.14782
5.9622 5.16094
5.9633 5.17413
5.9644 5.1874
5.9655 5.20075
5.9666 5.21417
5.9677 5.22767
5.9688 5.24125
5.9699 5.2549
5.971 5.26864
5.9721 5.28246
5.9732 5.29635
5.9743 5.31033
5.9754 5.32439
5.9765 5.33853
5.9776 5.35276
5.9787 5.36707
5.9798 5.38147
5.9809 5.39595
5.982 5.41052
5.9831 5.42517
5.9842 5.43991
5.9853 5.45475
5.9864 5.46967
5.9875 5.48468
5.9886 5.49978
5.9897 5.51497
5.9908 5.53026
5.9919 5.54564
5.993 5.56111
5.9941 5.57668
5.9952 5.59235
5.9963 5.60811
5.9974 5.62397
5.9985 5.63993
5.9996 5.65599
6.0007 5.67215
6.0018 5.68841
6.0029 5.70477
6.004 5.72124
6.0051 5.73781
6.0062 5.75448
6.0073 5.77126
6.0084 5.78815
6.0095 5.80515
6.0106 5.82225
6.0117 5.83947
6.0128 5.85679
6.0139 5.87423
6.015 5.89178
6.0161 5.90945
6.0172 5.92723
6.0183 5.94513
6.0194 5.96314
6.0205 5.98127
6.0216 5.99953
6.0227 6.0179
6.0238 6.03639
6.0249 6.05501
6.026 6.07376
6.0271 6.09263
6.0282 6.11162
6.0293 6.13075
6.0304 6.15
6.0315 6.16938
6.0326 6.1889
6.0337 6.20855
6.0348 6.22833
6.0359 6.24825
6.037 6.26831
6.0381 6.2885
6.0392 6.30884
6.0403 6.32931
6.0414 6.34993
6.0425 6.37069
6.0436 6.39161
6.0447 6.41266
6.0458 6.43387
6.0469 6.45522
6.048 6.47673
6.0491 6.49839
6.0502 6.5202
6.0513 6.54218
6.0524 6.5643
6.0535 6.58659
6.0546 6.60904
6.0557 6.63166
6.0568 6.65444
6.0579 6.67738
6.059 6.7005
6.0601 6.72378
6.0612 6.74724
6.0623 6.77086
6.0634 6.79467
6.0645 6.81865
6.0656 6.84282
6.0667 6.86716
6.0678 6.89169
6.0689 6.9164
6.07 6.9413
6.0711 6.96639
6.0722 6.99167
6.0733 7.01714
6.0744 7.04281
6.0755 7.06868
6.0766 7.09475
6.0777 7.12102
6.0788 7.1475
6.0799 7.17418
6.081 7.20107
6.0821 7.22818
6.0832 7.2555
6.0843 7.28303
6.0854 7.31079
6.0865 7.33876
6.0876 7.36696
6.0887 7.39539
6.0898 7.42404
6.0909 7.45293
6.092 7.48206
6.0931 7.51142
6.0942 7.54102
6.0953 7.57087
6.0964 7.60096
6.0975 7.6313
6.0986 7.66189
6.0997 7.69274
6.1008 7.72384
6.1019 7.75521
6.103 7.78684
6.1041 7.81874
6.1052 7.85091
6.1063 7.88336
6.1074 7.91608
6.1085 7.94909
6.1096 7.98238
6.1107 8.01595
6.1118 8.04982
6.1129 8.08399
6.114 8.11845
6.1151 8.15322
6.1162 8.18829
6.1173 8.22368
6.1184 8.25938
6.1195 8.2954
6.1206 8.33174
6.1217 8.36841
6.1228 8.40541
6.1239 8.44275
6.125 8.48042
6.1261 8.51845
6.1272 8.55682
6.1283 8.59554
6.1294 8.63463
6.1305 8.67408
6.1316 8.71389
6.1327 8.75408
6.1338 8.79465
6.1349 8.8356
6.136 8.87694
6.1371 8.91867
6.1382 8.96081
6.1393 9.00335
6.1404 9.0463
6.1415 9.08967
6.1426 9.13346
6.1437 9.17767
6.1448 9.22233
6.1459 9.26742
6.147 9.31296
6.1481 9.35895
6.1492 9.40541
6.1503 9.45233
6.1514 9.49972
6.1525 9.54759
6.1536 9.59595
6.1547 9.64481
6.1558 9.69416
6.1569 9.74403
6.158 9.79441
6.1591 9.84532
6.1602 9.89676
6.1613 9.94874
6.1624 10.0013
6.1635 10.0544
6.1646 10.108
6.1657 10.1622
6.1668 10.217
6.1679 10.2724
6.169 10.3284
6.1701 10.3851
6.1712 10.4423
6.1723 10.5002
6.1734 10.5587
6.1745 10.6178
6.1756 10.6777
6.1767 10.7381
6.1778 10.7993
6.1789 10.8612
6.18 10.9238
6.1811 10.9871
6.1822 11.0511
6.1833 11.1158
6.1844 11.1813
6.1855 11.2476
6.1866 11.3147
6.1877 11.3825
6.1888 11.4512
6.1899 11.5207
6.191 11.591
6.1921 11.6622
6.1932 11.7342
6.1943 11.8071
6.1954 11.8809
6.1965 11.9556
6.1976 12.0313
6.1987 12.1078
6.1998 12.1854
6.2009 12.2639
6.202 12.3434
6.2031 12.424
6.2042 12.5055
6.2053 12.5881
6.2064 12.6718
6.2075 12.7566
6.2086 12.8425
6.2097 12.9295
6.2108 13.0177
6.2119 13.107
6.213 13.1976
6.2141 13.2894
6.2152 13.3824
6.2163 13.4767
6.2174 13.5723
6.2185 13.6692
6.2196 13.7675
6.2207 13.8671
6.2218 13.9682
6.2229 14.0707
6.224 14.1746
6.2251 14.28
6.2262 14.387
6.2273 14.4955
6.2284 14.6056
6.2295 14.7174
6.2306 14.8308
6.2317 14.9458
6.2328 15.0627
6.2339 15.1812
6.235 15.3016
6.2361 15.4238
6.2372 15.548
6.2383 15.674
6.2394 15.802
6.2405 15.9321
6.2416 16.0642
6.2427 16.1984
6.2438 16.3348
6.2449 16.4734
6.246 16.6142
6.2471 16.7574
6.2482 16.9029
6.2493 17.0509
6.2504 17.2014
6.2515 17.3544
6.2526 17.51
6.2537 17.6683
6.2548 17.8293
6.2559 17.9932
6.257 18.1599
6.2581 18.3296
6.2592 18.5024
6.2603 18.6782
6.2614 18.8572
6.2625 19.0396
6.2636 19.2252
6.2647 19.4144
6.2658 19.6071
6.2669 19.8034
6.268 20.0035
6.2691 20.2074
6.2702 20.4153
6.2713 20.6273
6.2724 20.8435
6.2735 21.0639
6.2746 21.2888
6.2757 21.5183
6.2768 21.7524
6.2779 21.9914
6.279 22.2354
6.2801 22.4845
6.2812 22.7389
6.2823 22.9988
6.2834 23.2643
6.2845 23.5355
6.2856 23.8128
6.2867 24.0963
6.2878 24.3861
6.2889 24.6826
6.29 24.9858
6.2911 25.2961
6.2922 25.6136
6.2933 25.9387
6.2944 26.2716
6.2955 26.6126
6.2966 26.9618
6.2977 27.3198
6.2988 27.6866
6.2999 28.0628
6.301 28.4486
6.3021 28.8444
6.3032 29.2505
6.3043 29.6674
6.3054 30.0955
6.3065 30.5352
6.3076 30.987
6.3087 31.4513
6.3098 31.9288
6.3109 32.4198
6.312 32.925
6.3131 33.445
6.3142 33.9805
6.3153 34.532
6.3164 35.1003
6.3175 35.6862
6.3186 36.2904
6.3197 36.9138
6.3208 37.5573
6.3219 38.2218
6.323 38.9084
6.3241 39.6181
6.3252 40.352
6.3263 41.1115
6.3274 41.8977
6.3285 42.7121
6.3296 43.5562
6.3307 44.4315
6.3318 45.3398
6.3329 46.2829
6.334 47.2628
6.3351 48.2815
6.3362 49.3414
6.3373 50.4449
6.3384 51.5947
6.3395 52.7936
6.3406 54.0448
6.3417 55.3515
6.3428 56.7175
6.3439 58.1468
6.345 59.6437
6.3461 61.2129
6.3472 62.8597
6.3483 64.5897
6.3494 66.4091
6.3505 68.325
6.3516 70.3448
6.3527 72.477
6.3538 74.731
6.3549 77.117
6.356 79.6467
6.3571 82.333
6.3582 85.1905
6.3593 88.2354
6.3604 91.4863
6.3615 94.9641
6.3626 98.6925
6.3637 102.699
6.3648 107.015
6.3659 111.676
6.367 116.724
6.3681 122.208
6.3692 128.185
6.3703 134.723
6.3714 141.903
6.3725 149.819
6.3736 158.589
6.3747 168.354
6.3758 179.288
6.3769 191.609
6.378 205.59
6.3791 221.581
6.3802 240.035
6.3813 261.555
6.3824 286.949
6.3835 317.337
6.3846 354.312
6.3857 400.217
6.3868 458.64
6.3879 535.375
6.389 640.41
6.3901 792.565
6.3912 1032.05
6.3923 1463.35
6.3934 2475.14
