2.404825557695773
5.5200781102863115
8.653727912911013
11.791534439014281
14.930917708487787
18.071063967910924
21.21163662987926
24.352471530749302
27.493479132040253
30.634606468431976
33.77582021357357
36.917098353664045
40.05842576462824
43.19979171317673
46.341188371661815
49.482609897397815
52.624051841115
55.76551075501998
58.90698392608094
62.048469190227166
65.18996480020687
68.3314693298568
71.47298160359374
74.61450064370183
77.75602563038805
80.89755587113763
84.0390907769382
87.18062984364116
90.32217263721049
93.46371878194478
96.60526795099626
99.7468198586806
102.8883742541948
106.02993091645162
109.17148964980538
112.3130502804949
115.45461265366694
118.59617663087253
121.73774208795096
124.87930891323295
128.02087700600833
131.1624462752139
134.30401663830546
137.44558802028428
140.58716035285428
143.72873357368974
146.87030762579664
150.01188245695477
153.15345801922788
156.29503426853353
159.43661116426316
162.57818866894667
165.71976674795502
168.86134536923583
172.0029245030782
175.14450412190274
178.28608420007376
181.42766471373105
184.5692456406387
187.71082696004936
190.85240865258152
193.99399070010912
197.1355730856614
200.2771557933324
203.41873880819864
206.56032211624446
209.70190570429406
212.8434895599495
215.98507367153402
219.12665802804057
222.2682426190843
225.40982743485932
228.5514124660988
231.69299770403853
234.83458314038324
237.97616876727565
241.11775457726802
244.2593405632957
247.4009267186528
250.54251303696995
253.6840995121931
256.82568613856444
259.9672729106045
263.1088598230955
266.2504468710659
269.39203404977604
272.5336213547049
275.67520878153744
278.8167963261531
281.9583839846149
285.09997175315954
288.2415596281877
291.3831476062552
294.524735684065
297.66632385845895
300.8079121264111
303.94950048502056
307.09108893150506
310.232677463195
313.37426607752786
316.5158547720429
319.6574435443762
322.7990323922555
325.9406213134967
329.08221030599856
332.2237993677396
335.36538849677413
338.5069776912285
341.6485669492981
344.790156269244
347.9317456493902
351.0733350881206
354.21492458387644
357.35651413515376
360.49810374050105
363.639693398517
366.7812831078483
369.9228728671875
373.0644626752713
376.2060525308785
379.3476424328285
382.48923237997934
385.6308223712264
388.77241240550063
391.9140024817674
395.05559259902486
398.1971827563028
401.33877295266154
404.4803631871904
407.6219534590069
410.7635437672553
413.90513411110635
417.04672448975526
420.1883149024216
423.32990534834806
426.47149582679964
429.6130863370627
432.75467687844457
435.8962674502723
439.03785805189244
442.17944868266994
445.3210393419877
448.462630029246
451.6042207438617
454.7458114852677
457.8874022529128
461.02899304626044
464.1705838647888
467.31217470799
470.45376557536986
473.59535646644713
476.73694738075335
479.8785383178323
483.02012927723973
486.16172025854263
489.3033112613194
492.444902285159
495.58649332966087
498.7280843944346
501.8696754790994
505.0112665832841
508.1528577066267
511.29444884877404
514.4360400093816
517.5776311881133
520.719222384641
523.8608135986445
527.0024048298116
530.1439960778367
533.2855873424221
536.427178623277
539.5687699201169
542.7103612326645
545.8519525606483
548.9935439038036
552.1351352618713
555.2767266345982
558.4183180217369
561.5599094230457
564.701500838288
567.8430922672325
570.984683709653
574.1262751653285
577.2678666340424
580.409458115583
583.5510496097432
586.6926411163203
589.8342326351157
592.9758241659354
596.1174157085893
599.2590072628911
602.4005988286589
605.5421904057138
608.6837819938813
611.8253735929903
614.9669652028729
618.108556823365
621.2501484543054
624.3917400955368
627.5333317469042
630.6749234082564
633.8165150794449
636.9581067603241
640.0996984507514
643.2412901505867
646.382881859693
649.5244735779357
652.666065305183
655.8076570413053
658.9492487861759
662.09084053967
665.2324323016657
668.3740240720429
671.515615850684
674.6572076374736
677.7987994322984
680.9403912350472
684.0819830456109
687.223574863882
690.3651666897557
693.5067585231285
696.6483503638989
699.7899422119673
702.9315340672358
706.0731259296085
709.2147177989908
712.3563096752899
715.4979015584149
718.6394934482762
721.7810853447858
724.9226772478572
728.0642691574056
731.2058610733475
734.3474529956007
737.4890449240849
740.6306368587203
743.7722287994293
746.9138207461351
750.0554126987624
753.1970046572372
756.3385966214867
759.480188591439
762.6217805670236
765.7633725481713
768.9049645348141
772.0465565268846
775.188148524317
778.3297405270463
781.4713325350086
784.6129245481411
787.7545165663819
790.8961085896701
794.0377006179459
797.1792926511503
800.3208846892252
803.4624767321135
806.6040687797589
809.7456608321061
812.8872528891006
816.0288449506887
819.1704370168175
822.312029087435
825.4536211624901
828.595213241932
831.7368053257113
834.8783974137789
838.0199895060865
841.1615816025867
844.3031737032327
847.4447658079783
850.5863579167782
853.7279500295875
856.8695421463623
860.011134267059
863.1527263916347
866.2943185200475
869.4359106522554
872.5775027882178
875.7190949278939
878.8606870712442
882.0022792182293
885.1438713688106
888.2854635229497
891.4270556806093
894.5686478417522
897.7102400063417
900.8518321743418
903.993424345717
907.1350165204321
910.2766086984528
913.4182008797447
916.5597930642743
919.7013852520085
922.8429774429144
925.9845696369598
929.1261618341128
932.2677540343421
935.4093462376167
938.5509384439059
941.6925306531796
944.834122865408
947.9757150805616
951.1173072986116
954.2588995195295
957.4004917432868
960.5420839698558
963.6836761992089
966.825268431319
969.9668606661595
973.1084529037037
976.2500451439255
979.3916373867992
982.5332296322995
985.674821880401
988.8164141310792
991.9580063843094
995.0995986400676
998.2411908983298
1001.3827831590726
1004.5243754222724
1007.6659676879066
1010.8075599559522
1013.949152226387
1017.0907444991888
1020.2323367743356
1023.373929051806
1026.5155213315786
1029.6571136136322
1032.7987058979463
1035.9402981844999
1039.081890473273
1042.2234827642455
1045.3650750573975
1048.5066673527092
1051.6482596501617
1054.7898519497355
1057.9314442514121
1061.0730365551724
1064.2146288609981
1067.356221168871
1070.497813478773
1073.6394057906864
1076.7809981045934
1079.9225904204768
1083.0641827383195
1086.205775058104
1089.3473673798142
1092.4889597034328
1095.6305520289438
1098.7721443563312
1101.9137366855782
1105.0553290166695
1108.1969213495893
1111.3385136843222
1114.4801060208526
1117.6216983591655
1120.7632906992458
1123.9048830410788
1127.04647538465
1130.1880677299446
1133.3296600769484
1136.4712524256481
1139.612844776028
1142.7544371280749
1145.8960294817753
1149.0376218371155
1152.179214194082
1155.320806552662
1158.4623989128418
1161.6039912746087
1164.7455836379497
1167.8871760028524
1171.028768369304
1174.1703607372922
1177.3119531068046
1180.453545477829
1183.5951378503535
1186.736730224366
1189.878322599855
1193.0199149768084
1196.161507355215
1199.3030997350634
1202.4446921163421
1205.58628449904
1208.727876883146
1211.8694692686493
1215.011061655539
1218.1526540438042
1221.2942464334344
1224.435838824419
1227.577431216748
1230.7190236104107
1233.8606160053969
1237.0022084016969
1240.1438007993002
1243.2853931981972
1246.4269855983782
1249.5685779998335
1252.710170402553
1255.851762806528
1258.9933552117488
1262.1349476182058
1265.2765400258902
1268.4181324347926
1271.5597248449042
1274.7013172562158
1277.8429096687187
1280.984502082404
1284.1260944972635
1287.267686913288
1290.4092793304692
1293.550871748799
1296.6924641682683
1299.8340565888698
1302.9756490105945
1306.1172414334346
1309.2588338573821
1312.4004262824292
1315.5420187085676
1318.68361113579
1321.8252035640883
1324.9667959934548
1328.1083884238822
1331.249980855363
1334.3915732878895
1337.5331657214545
1340.6747581560505
1343.8163505916707
1346.9579430283077
1350.0995354659542
1353.2411279046032
1356.3827203442481
1359.5243127848817
1362.6659052264972
1365.807497669088
1368.9490901126471
1372.090682557168
1375.232275002644
1378.373867449069
1381.515459896436
1384.6570523447385
1387.7986447939707
1390.9402372441261
1394.0818296951982
1397.223422147181
1400.3650146000687
1403.5066070538546
1406.648199508533
1409.789791964098
1412.9313844205435
1416.0729768778638
1419.214569336053
1422.3561617951054
1425.4977542550153
1428.639346715777
1431.7809391773849
1434.9225316398333
1438.064124103117
1441.2057165672302
1444.347309032168
1447.4889014979242
1450.6304939644942
1453.7720864318726
1456.913678900054
1460.0552713690333
1463.1968638388053
1466.338456309365
1469.4800487807072
1472.6216412528272
1475.7632337257196
1478.9048261993798
1482.046418673803
1485.1880111489838
1488.329603624918
1491.4711961016005
1494.6127885790268
1497.754381057192
1500.8959735360918
1504.037566015721
1507.1791584960758
1510.3207509771512
1513.4623434589428
1516.603935941446
1519.7455284246566
1522.88712090857
1526.0287133931822
1529.1703058784888
1532.3118983644854
1535.4534908511678
1538.5950833385316
1541.736675826573
1544.8782683152876
1548.0198608046715
1551.1614532947206
1554.3030457854306
1557.4446382767978
1560.5862307688183
1563.7278232614879
1566.8694157548027
1570.011008248759
1573.1526007433529
1576.2941932385804
1579.435785734438
1582.5773782309218
1585.7189707280281
1588.8605632257534
1592.0021557240937
1595.1437482230456
1598.2853407226053
1601.4269332227693
1604.568525723534
1607.7101182248962
1610.8517107268522
1613.9933032293984
1617.1348957325315
1620.276488236248
1623.4180807405446
1626.5596732454178
1629.7012657508644
1632.842858256881
1635.9844507634646
1639.1260432706115
1642.2676357783187
1645.4092282865831
1648.5508207954013
1651.6924133047703
1654.8340058146866
1657.9755983251478
1661.11719083615
1664.2587833476907
1667.4003758597667
1670.5419683723749
1673.6835608855124
1676.825153399176
1679.9667459133632
1683.1083384280707
1686.2499309432958
1689.3915234590354
1692.5331159752868
1695.6747084920469
1698.8163010093133
1701.957893527083
1705.099486045353
1708.2410785641207
1711.3826710833835
1714.5242636031385
1717.6658561233833
1720.8074486441146
1723.9490411653303
1727.0906336870278
1730.2322262092039
1733.3738187318565
1736.5154112549828
1739.6570037785805
1742.7985963026467
1745.940188827179
1749.081781352175
1752.223373877632
1755.3649664035477
1758.5065589299197
1761.6481514567454
1764.7897439840222
1767.931336511748
1771.0729290399204
1774.214521568537
1777.3561140975953
1780.497706627093
1783.639299157028
1786.7808916873978
1789.9224842182002
1793.0640767494326
1796.2056692810934
1799.3472618131796
1802.4888543456896
1805.6304468786207
1808.772039411971
1811.9136319457384
1815.0552244799205
1818.196817014515
1821.3384095495205
1824.480002084934
1827.621594620754
1830.7631871569781
1833.9047796936043
1837.0463722306304
1840.1879647680546
1843.329557305875
1846.471149844089
1849.6127423826952
1852.7543349216912
1855.8959274610752
1859.037520000845
1862.179112540999
1865.3207050815352
1868.4622976224514
1871.603890163746
1874.7454827054169
1877.8870752474622
1881.0286677898803
1884.170260332669
1887.3118528758264
1890.453445419351
1893.5950379632409
1896.736630507494
1899.878223052109
1903.0198155970834
1906.1614081424161
1909.303000688105
1912.4445932341482
1915.5861857805444
1918.7277783272916
1921.869370874388
1925.010963421832
1928.152555969622
1931.2941485177562
1934.4357410662328
1937.5773336150503
1940.718926164207
1943.8605187137014
1947.0021112635316
1950.1437038136962
1953.2852963641933
1956.4268889150217
1959.5684814661795
1962.7100740176652
1965.8516665694772
1968.993259121614
1972.134851674074
1975.2764442268558
1978.4180367799577
1981.5596293333783
1984.701221887116
1987.8428144411691
1990.9844069955366
1994.1259995502166
1997.2675921052078
2000.4091846605086
2003.5507772161177
2006.6923697720335
2009.8339623282548
2012.97555488478
2016.1171474416076
2019.2587399987362
2022.4003325561648
2025.5419251138915
2028.683517671915
2031.8251102302343
2034.9667027888477
2038.1082953477537
2041.2498879069512
2044.391480466439
2047.5330730262153
2050.6746655862794
2053.816258146629
2056.957850707264
2060.0994432681823
2063.241035829383
2066.3826283908643
2069.5242209526255
2072.665813514665
2075.8074060769814
2078.948998639574
2082.090591202441
2085.2321837655813
2088.3737763289937
2091.515368892677
2094.65696145663
2097.798554020852
2100.9401465853407
2104.0817391500955
2107.2233317151154
2110.364924280399
2113.506516845945
2116.6481094117526
2119.78970197782
2122.9312945441466
2126.0728871107312
2129.2144796775724
2132.356072244669
2135.4976648120205
2138.639257379625
2141.7808499474822
2144.9224425155903
2148.0640350839485
2151.2056276525554
2154.3472202214107
2157.4888127905124
2160.6304053598597
2163.7719979294516
2166.9135904992872
2170.0551830693653
2173.196775639685
2176.338368210245
2179.479960781044
2182.6215533520817
2185.7631459233567
2188.904738494868
2192.0463310666146
2195.1879236385953
2198.3295162108093
2201.471108783255
2204.612701355933
2207.7542939288405
2210.8958865019777
2214.037479075343
2217.179071648936
2220.320664222755
2223.4622567967995
2226.6038493710685
2229.745441945561
2232.8870345202763
2236.028627095213
2239.1702196703704
2242.3118122457477
2245.4534048213436
2248.594997397158
2251.7365899731885
2254.8781825494357
2258.0197751258984
2261.161367702575
2264.302960279465
2267.4445528565675
2270.586145433882
2273.727738011407
2276.869330589142
2280.010923167086
2283.152515745238
2286.294108323598
2289.4357009021637
2292.577293480935
2295.7188860599117
2298.860478639092
2302.002071218475
2305.143663798061
2308.285256377848
2311.426848957836
2314.5684415380233
2317.7100341184096
2320.851626698994
2323.9932192797764
2327.134811860755
2330.2764044419296
2333.417997023299
2336.5595896048626
2339.7011821866195
2342.842774768569
2345.9843673507107
2349.1259599330433
2352.2675525155664
2355.409145098279
2358.55073768118
2361.69233026427
2364.8339228475465
2367.97551543101
2371.117108014659
2374.2587005984933
2377.400293182512
2380.541885766714
2383.6834783510994
2386.8250709356666
2389.9666635204153
2393.108256105345
2396.2498486904547
2399.391441275743
2402.5330338612107
2405.674626446856
2408.816219032679
2411.957811618678
2415.0994042048533
2418.240996791203
2421.382589377728
2424.5241819644266
2427.665774551298
2430.807367138342
2433.948959725558
2437.090552312945
2440.232144900502
2443.3737374882294
2446.515330076126
2449.6569226641905
2452.7985152524234
2455.940107840823
2459.08170042939
2462.223293018122
2465.36488560702
2468.5064781960823
2471.648070785309
2474.7896633746986
2477.9312559642512
2481.0728485539657
2484.214441143842
2487.3560337338795
2490.497626324077
2493.6392189144344
2496.780811504951
2499.922404095626
2503.0639966864587
2506.2055892774492
2509.347181868596
2512.488774459899
2515.630367051358
2518.7719596429715
2521.9135522347397
2525.055144826662
2528.196737418737
2531.338330010965
2534.479922603345
2537.6215151958763
2540.763107788559
2543.904700381392
2547.046292974375
2550.1878855675072
2553.3294781607883
2556.4710707542176
2559.6126633477943
2562.7542559415183
2565.8958485353887
2569.0374411294056
2572.179033723568
2575.320626317875
2578.4622189123265
2581.6038115069223
2584.7454041016613
2587.886996696543
2591.028589291567
2594.1701818867336
2597.3117744820406
2600.453367077489
2603.5949596730775
2606.736552268806
2609.8781448646737
2613.01973746068
2616.1613300568247
2619.3029226531075
2622.4445152495273
2625.586107846084
2628.727700442777
2631.8692930396055
2635.01088563657
2638.1524782336687
2641.2940708309025
2644.4356634282694
2647.5772560257706
2650.718848623404
2653.8604412211703
2657.0020338190684
2660.143626417098
2663.285219015259
2666.4268116135504
2669.568404211972
2672.709996810523
2675.851589409204
2678.993182008013
2682.1347746069505
2685.276367206016
2688.4179598052087
2691.559552404529
2694.7011450039754
2697.842737603548
2700.984330203246
2704.1259228030694
2707.2675154030176
2710.4091080030903
2713.5507006032867
2716.6922932036064
2719.8338858040497
2722.9754784046154
2726.117071005303
2729.258663606113
2732.4002562070436
2735.5418488080954
2738.683441409268
2741.8250340105606
2744.966626611973
2748.1082192135045
2751.249811815155
2754.391404416924
2757.5329970188113
2760.6745896208163
2763.816182222938
2766.957774825177
2770.0993674275323
2773.240960030004
2776.382552632591
2779.5241452352934
2782.6657378381105
2785.8073304410423
2788.9489230440886
2792.090515647248
2795.2321082505214
2798.3737008539074
2801.5152934574057
2804.656886061017
2807.7984786647394
2810.940071268574
2814.0816638725187
2817.223256476575
2820.364849080741
2823.5064416850173
2826.6480342894033
2829.7896268938985
2832.9312194985027
2836.0728121032153
2839.214404708036
2842.3559973129645
2845.4975899180004
2848.6391825231435
2851.7807751283935
2854.9223677337495
2858.063960339212
2861.20555294478
2864.347145550453
2867.4887381562316
2870.630330762114
2873.7719233681014
2876.9135159741927
2880.0551085803877
2883.196701186686
2886.338293793087
2889.4798863995907
2892.6214790061963
2895.7630716129042
2898.904664219714
2902.046256826625
2905.1878494336365
2908.3294420407487
2911.4710346479615
2914.612627255274
2917.7542198626866
2920.895812470198
2924.0374050778087
2927.178997685518
2930.320590293326
2933.4621829012317
2936.603775509235
2939.745368117336
2942.886960725534
2946.028553333829
2949.1701459422206
2952.311738550708
2955.4533311592913
2958.5949237679706
2961.736516376745
2964.8781089856143
2968.0197015945782
2971.1612942036368
2974.302886812789
2977.4444794220353
2980.586072031375
2983.7276646408077
2986.8692572503332
2990.0108498599516
2993.152442469662
2996.294035079465
2999.4356276893595
3002.5772202993453
3005.7188129094225
3008.86040551959
3012.0019981298483
3015.1435907401974
3018.285183350636
3021.4267759611644
3024.5683685717822
3027.709961182489
3030.8515537932853
3033.99314640417
3037.134739015143
3040.276331626204
3043.417924237353
3046.5595168485893
3049.701109459913
3052.8427020713234
3055.9842946828207
3059.1258872944045
3062.2674799060746
3065.4090725178303
3068.550665129672
3071.692257741599
3074.833850353611
3077.975442965708
3081.1170355778895
3084.2586281901554
3087.400220802506
3090.5418134149395
3093.683406027457
3096.824998640058
3099.9665912527416
3103.108183865508
3106.2497764783575
3109.391369091289
3112.532961704303
3115.6745543173984
3118.8161469305755
3121.957739543834
3125.099332157173
3128.2409247705937
3131.3825173840946
3134.524109997676
3137.6657026113376
3140.8072952250786
3143.9488878388997
3147.0904804528
3150.2320730667793
3153.373665680838
3156.515258294975
3159.656850909191
3162.7984435234844
3165.940036137856
3169.0816287523057
3172.2232213668326
3175.3648139814372
3178.5064065961187
3181.647999210877
3184.789591825712
3187.931184440623
3191.0727770556105
3194.2143696706735
3197.355962285813
3200.4975549010273
3203.6391475163173
3206.780740131682
3209.922332747122
3213.063925362636
3216.2055179782246
3219.3471105938875
3222.488703209624
3225.6302958254346
3228.7718884413184
3231.913481057276
3235.055073673306
3238.1966662894097
3241.3382589055855
3244.479851521834
3247.621444138155
3250.7630367545476
3253.9046293710117
3257.046221987548
3260.1878146041554
3263.329407220834
3266.4709998375843
3269.6125924544044
3272.7541850712955
3275.895777688257
3279.037370305289
3282.178962922391
3285.320555539562
3288.4621481568033
3291.6037407741137
3294.745333391493
3297.886926008942
3301.0285186264596
3304.1701112440455
3307.3117038616997
3310.4532964794225
3313.594889097213
3316.7364817150715
3319.8780743329976
3323.019666950991
3326.1612595690517
3329.3028521871797
3332.444444805374
3335.5860374236354
3338.7276300419635
3341.8692226603575
3345.0108152788175
3348.152407897344
3351.2940005159357
3354.435593134593
3357.577185753316
3360.7187783721038
3363.860370990957
3367.0019636098746
3370.143556228857
3373.285148847904
3376.4267414670153
3379.5683340861906
3382.70992670543
3385.851519324733
3388.9931119440994
3392.1347045635293
3395.2762971830225
3398.417889802579
3401.559482422198
3404.7010750418794
3407.8426676616236
3410.9842602814306
3414.1258529012994
3417.26744552123
3420.4090381412225
3423.550630761277
3426.6922233813925
3429.8338160015696
3432.975408621808
3436.117001242107
3439.258593862467
3442.400186482888
3445.541779103369
3448.6833717239106
3451.8249643445124
3454.966556965174
3458.1081495858953
3461.2497422066767
3464.3913348275173
3467.532927448417
3470.6745200693763
3473.8161126903947
3476.9577053114717
3480.0992979326074
3483.240890553802
3486.3824831750544
3489.524075796365
3492.665668417734
3495.807261039161
3498.948853660646
3502.090446282188
3505.2320389037877
3508.3736315254446
3511.5152241471587
3514.6568167689297
3517.7984093907576
3520.9400020126423
3524.0815946345833
3527.2231872565812
3530.3647798786346
3533.5063725007444
3536.64796512291
3539.789557745132
3542.931150367409
3546.0727429897415
3549.2143356121296
3552.3559282345727
3555.497520857071
3558.639113479624
3561.7807061022318
3564.9222987248945
3568.0638913476114
3571.2054839703824
3574.347076593208
3577.4886692160876
3580.630261839021
3583.771854462008
3586.9134470850486
3590.0550397081424
3593.19663233129
3596.3382249544907
3599.4798175777446
3602.6214102010513
3605.7630028244103
3608.9045954478224
3612.046188071287
3615.1877806948037
3618.3293733183727
3621.470965941994
3624.6125585656673
3627.7541511893924
3630.895743813169
3634.037336436997
3637.1789290608767
3640.3205216848073
3643.4621143087893
3646.603706932822
3649.7452995569065
3652.886892181041
3656.028484805226
3659.1700774294623
3662.311670053748
3665.4532626780847
3668.594855302471
3671.736447926907
3674.8780405513935
3678.01963317593
3681.1612258005152
3684.3028184251502
3687.444411049835
3690.5860036745685
3693.727596299351
3696.8691889241827
3700.0107815490633
3703.1523741739925
3706.29396679897
3709.4355594239964
3712.577152049071
3715.7187446741937
3718.860337299365
3722.0019299245837
3725.1435225498503
3728.2851151751647
3731.426707800527
3734.5683004259363
3737.7098930513935
3740.8514856768975
3743.993078302449
3747.134670928047
3750.2762635536924
3753.417856179384
3756.559448805123
3759.7010414309084
3762.84263405674
3765.984226682618
3769.125819308542
3772.2674119345124
3775.4090045605285
3778.5505971865905
3781.6921898126984
3784.833782438852
3787.9753750650507
3791.116967691295
3794.2585603175844
3797.4001529439192
3800.541745570299
3803.683338196724
3806.8249308231934
3809.966523449708
3813.108116076267
3816.2497087028705
3819.3913013295182
3822.5328939562105
3825.6744865829464
3828.816079209727
3831.9576718365515
3835.0992644634193
3838.2408570903312
3841.382449717287
3844.524042344286
3847.6656349713285
3850.8072275984146
3853.9488202255434
3857.090412852716
3860.2320054799306
3863.373598107189
3866.51519073449
3869.6567833618333
3872.7983759892195
3875.939968616648
3879.081561244119
3882.223153871632
3885.3647464991873
3888.506339126785
3891.6479317544245
3894.789524382106
3897.9311170098285
3901.0727096375936
3904.2143022653995
3907.3558948932473
3910.4974875211365
3913.639080149067
3916.7806727770385
3919.922265405051
3923.0638580331047
3926.205450661199
3929.347043289334
3932.48863591751
3935.6302285457264
3938.7718211739834
3941.9134138022805
3945.055006430618
3948.196599058996
3951.3381916874137
3954.4797843158717
3957.6213769443693
3960.762969572907
3963.904562201484
3967.046154830101
3970.1877474587573
3973.329340087453
3976.4709327161886
3979.6125253449627
3982.7541179737764
3985.8957106026287
3989.0373032315206
3992.178895860451
3995.3204884894203
3998.462081118428
4001.6036737474747
4004.7452663765594
4007.886859005683
4011.0284516348447
4014.170044264045
4017.311636893283
4020.453229522559
4023.5948221518734
4026.7364147812254
4029.8780074106153
4033.0196000400424
4036.1611926695077
4039.3027852990103
4042.4443779285507
4045.585970558128
4048.727563187743
4051.8691558173946
4055.0107484470836
4058.1523410768095
4061.2939337065727
4064.4355263363723
4067.5771189662087
4070.718711596082
4073.8603042259915
4077.001896855938
4080.143489485921
4083.2850821159395
4086.4266747459947
4089.568267376086
4092.7098600062136
4095.851452636377
4098.993045266577
4102.134637896811
4105.276230527083
4108.417823157389
4111.559415787731
4114.701008418108
4117.842601048522
4120.98419367897
4124.125786309454
4127.267378939973
4130.408971570527
4133.550564201116
4136.692156831739
4139.833749462398
4142.975342093092
4146.11693472382
4149.258527354583
4152.40011998538
4155.541712616212
4158.683305247078
4161.824897877979
4164.966490508914
4168.108083139883
4171.249675770886
4174.391268401922
4177.532861032993
4180.674453664098
4183.816046295236
4186.957638926409
4190.099231557615
4193.240824188854
4196.382416820127
4199.524009451433
4202.665602082773
4205.807194714145
4208.948787345552
4212.09037997699
4215.2319726084625
4218.373565239967
4221.515157871506
4224.656750503076
4227.798343134679
4230.939935766316
4234.081528397985
4237.223121029685
4240.364713661419
4243.506306293185
4246.647898924983
4249.789491556813
4252.931084188676
4256.07267682057
4259.214269452497
4262.355862084456
4265.497454716447
4268.639047348469
4271.780639980523
4274.922232612608
4278.063825244725
4281.205417876874
4284.347010509055
4287.488603141266
4290.630195773509
4293.771788405783
4296.913381038088
4300.054973670424
4303.196566302792
4306.33815893519
4309.479751567619
4312.62134420008
4315.762936832571
4318.904529465092
4322.046122097644
4325.187714730227
4328.329307362839
4331.470899995484
4334.612492628157
4337.754085260862
4340.895677893596
4344.037270526361
4347.178863159155
4350.320455791981
4353.462048424835
4356.60364105772
4359.745233690634
4362.886826323579
4366.028418956553
4369.170011589556
4372.31160422259
4375.453196855653
4378.594789488745
4381.736382121867
4384.877974755017
4388.019567388198
4391.161160021407
4394.302752654646
4397.444345287913
4400.58593792121
4403.727530554535
4406.86912318789
4410.010715821273
4413.152308454685
4416.293901088126
4419.435493721596
4422.577086355094
4425.718678988621
4428.860271622176
4432.001864255759
4435.143456889371
4438.2850495230105
4441.426642156679
4444.568234790376
4447.7098274241
4450.851420057853
4453.993012691633
4457.134605325442
4460.276197959278
4463.417790593142
4466.559383227034
4469.700975860954
4472.842568494902
4475.984161128876
4479.125753762878
4482.267346396908
4485.4089390309655
4488.55053166505
4491.692124299162
4494.833716933301
4497.975309567467
4501.11690220166
4504.258494835881
4507.400087470128
4510.541680104402
4513.683272738704
4516.824865373032
4519.966458007387
4523.108050641768
4526.249643276176
4529.391235910611
4532.532828545072
4535.67442117956
4538.816013814075
4541.9576064486155
4545.099199083183
4548.240791717775
4551.382384352395
4554.523976987041
4557.665569621713
4560.80716225641
4563.948754891135
4567.090347525885
4570.23194016066
4573.373532795462
4576.515125430289
4579.656718065142
4582.798310700021
4585.9399033349255
4589.0814959698555
4592.223088604811
4595.364681239792
4598.506273874798
4601.64786650983
4604.789459144888
4607.93105177997
4611.072644415078
4614.214237050211
4617.355829685369
4620.497422320552
4623.63901495576
4626.780607590993
4629.92220022625
4633.063792861533
4636.205385496841
4639.346978132174
4642.48857076753
4645.630163402912
4648.771756038318
4651.913348673749
4655.054941309205
4658.196533944684
4661.338126580189
4664.4797192157175
4667.621311851271
4670.762904486847
4673.904497122448
4677.046089758074
4680.187682393724
4683.329275029398
4686.470867665095
4689.6124603008175
4692.754052936563
4695.895645572333
4699.037238208126
4702.178830843943
4705.320423479784
4708.462016115649
4711.603608751537
4714.745201387449
4717.886794023384
4721.028386659343
4724.169979295325
4727.311571931331
4730.45316456736
4733.594757203412
4736.736349839488
4739.877942475587
4743.019535111709
4746.161127747854
4749.302720384022
4752.4443130202135
4755.585905656428
4758.727498292665
4761.869090928924
4765.010683565208
4768.152276201514
4771.293868837842
4774.435461474193
4777.577054110567
4780.718646746964
4783.860239383383
4787.001832019824
4790.1434246562885
4793.285017292775
4796.426609929284
4799.568202565815
4802.709795202369
4805.851387838945
4808.992980475543
4812.134573112164
4815.276165748805
4818.417758385471
4821.559351022157
4824.700943658866
4827.842536295596
4830.9841289323485
4834.125721569123
4837.267314205919
4840.408906842737
4843.550499479577
4846.692092116439
4849.833684753322
4852.975277390227
4856.116870027154
4859.258462664101
4862.400055301071
4865.541647938062
4868.683240575074
4871.8248332121075
4874.966425849163
4878.108018486239
4881.249611123337
4884.391203760456
4887.532796397596
4890.674389034757
4893.815981671939
4896.957574309143
4900.0991669463665
4903.240759583612
4906.382352220879
4909.523944858165
4912.6655374954735
4915.807130132802
4918.948722770152
4922.090315407522
4925.231908044913
4928.373500682324
4931.5150933197565
4934.656685957209
4937.798278594683
4940.939871232177
4944.081463869691
4947.223056507226
4950.364649144781
4953.5062417823565
4956.647834419952
4959.789427057568
4962.931019695205
4966.07261233286
4969.214204970537
4972.355797608234
4975.497390245951
4978.638982883687
4981.780575521444
4984.922168159221
4988.0637607970175
4991.205353434834
4994.34694607267
4997.488538710526
5000.630131348402
5003.771723986298
5006.913316624214
5010.054909262149
5013.196501900103
5016.338094538077
5019.479687176071
5022.621279814084
5025.762872452116
5028.904465090169
5032.04605772824
5035.187650366332
5038.329243004442
5041.470835642572
5044.61242828072
5047.754020918888
5050.895613557075
5054.037206195282
5057.178798833507
5060.3203914717515
5063.461984110016
5066.603576748298
5069.7451693866
5072.88676202492
5076.02835466326
5079.169947301618
5082.311539939995
5085.453132578391
5088.594725216805
5091.736317855239
5094.877910493691
5098.019503132162
5101.161095770651
5104.302688409159
5107.444281047686
5110.58587368623
5113.7274663247945
5116.869058963376
5120.010651601976
5123.152244240595
5126.293836879232
5129.435429517887
5132.577022156562
5135.718614795253
5138.860207433963
5142.001800072692
5145.1433927114385
5148.284985350203
5151.426577988986
5154.5681706277865
5157.7097632666055
5160.851355905442
5163.992948544296
5167.134541183169
5170.27613382206
5173.417726460968
5176.559319099894
5179.700911738838
5182.8425043778
5185.98409701678
5189.125689655777
5192.267282294792
5195.408874933823
5198.5504675728735
5201.692060211942
5204.833652851026
5207.975245490129
5211.116838129249
5214.2584307683865
5217.400023407542
5220.541616046714
5223.683208685903
5226.8248013251105
5229.966393964335
5233.107986603576
5236.249579242834
5239.391171882111
5242.532764521404
5245.674357160714
5248.815949800041
5251.957542439385
5255.099135078747
5258.2407277181255
5261.38232035752
5264.523912996932
5267.665505636362
5270.807098275808
5273.948690915271
5277.09028355475
5280.231876194247
5283.37346883376
5286.51506147329
5289.656654112837
5292.798246752401
5295.93983939198
5299.081432031577
5302.22302467119
5305.36461731082
5308.506209950466
5311.647802590129
5314.789395229808
5317.930987869504
5321.072580509216
5324.214173148945
5327.3557657886895
5330.49735842845
5333.6389510682275
5336.7805437080215
5339.922136347831
5343.063728987658
5346.2053216275
5349.346914267358
5352.4885069072325
5355.630099547123
5358.77169218703
5361.913284826953
5365.054877466891
5368.196470106846
5371.338062746817
5374.479655386804
5377.621248026806
5380.762840666825
5383.904433306859
5387.046025946908
5390.187618586974
5393.329211227056
5396.470803867153
5399.612396507267
5402.753989147394
5405.895581787539
5409.037174427699
5412.178767067874
5415.320359708066
5418.4619523482725
5421.603544988494
5424.745137628732
5427.886730268985
5431.028322909254
5434.169915549537
5437.311508189837
5440.453100830151
5443.594693470481
5446.736286110827
5449.8778787511865
5453.019471391563
5456.161064031953
5459.302656672359
5462.444249312781
5465.585841953218
5468.727434593669
5471.8690272341355
5475.010619874617
5478.152212515114
5481.293805155626
5484.435397796153
5487.576990436694
5490.7185830772505
5493.860175717822
5497.001768358409
5500.14336099901
5503.284953639626
5506.426546280257
5509.568138920903
5512.709731561563
5515.851324202238
5518.992916842928
5522.134509483632
5525.276102124352
5528.417694765086
5531.559287405834
5534.700880046597
5537.8424726873745
5540.984065328167
5544.125657968973
5547.267250609794
5550.40884325063
5553.5504358914795
5556.692028532344
5559.833621173223
5562.975213814116
5566.116806455024
5569.258399095946
5572.399991736881
5575.541584377832
5578.683177018796
5581.824769659775
5584.966362300767
5588.107954941775
5591.249547582796
5594.391140223831
5597.532732864881
5600.674325505945
5603.815918147022
5606.957510788114
5610.099103429219
5613.240696070338
5616.382288711472
5619.523881352619
5622.66547399378
5625.807066634956
5628.948659276145
5632.090251917348
5635.231844558564
5638.373437199795
5641.515029841039
5644.656622482297
5647.798215123569
5650.939807764854
5654.081400406153
5657.222993047466
5660.364585688792
5663.506178330133
5666.647770971486
5669.789363612853
5672.930956254234
5676.072548895628
5679.214141537035
5682.355734178456
5685.497326819891
5688.638919461339
5691.7805121028005
5694.922104744275
5698.063697385764
5701.205290027265
5704.3468826687795
5707.488475310308
5710.630067951849
5713.771660593404
5716.913253234971
5720.0548458765525
5723.196438518147
5726.338031159754
5729.479623801375
5732.621216443008
5735.762809084656
5738.904401726315
5742.045994367988
5745.187587009674
5748.329179651372
5751.470772293084
5754.612364934809
5757.753957576547
5760.895550218298
5764.037142860062
5767.178735501838
5770.320328143627
5773.461920785429
5776.603513427245
5779.745106069073
5782.886698710913
5786.028291352767
5789.169883994633
5792.3114766365115
5795.453069278404
5798.594661920308
5801.7362545622245
5804.877847204154
5808.019439846096
5811.161032488051
5814.302625130018
5817.444217771998
5820.585810413991
5823.727403055996
5826.868995698012
5830.010588340043
5833.152180982085
5836.293773624139
5839.435366266207
5842.5769589082865
5845.718551550378
5848.860144192482
5852.001736834599
5855.143329476728
5858.284922118869
5861.426514761023
5864.568107403188
5867.709700045366
5870.851292687556
5873.992885329759
5877.134477971974
5880.2760706142
5883.417663256439
5886.55925589869
5889.700848540953
5892.842441183228
5895.984033825515
5899.125626467814
5902.267219110126
5905.408811752449
5908.550404394784
5911.691997037132
5914.833589679491
5917.975182321861
5921.1167749642445
5924.25836760664
5927.399960249046
5930.541552891465
5933.683145533895
5936.824738176338
5939.966330818791
5943.107923461257
5946.249516103734
5949.391108746224
5952.5327013887245
5955.674294031237
5958.815886673761
5961.957479316297
5965.099071958845
5968.240664601404
5971.382257243976
5974.523849886558
5977.665442529152
5980.807035171758
5983.948627814375
5987.090220457004
5990.231813099644
5993.373405742295
5996.514998384958
5999.656591027633
6002.798183670318
6005.939776313016
6009.081368955724
6012.222961598445
6015.364554241176
6018.506146883919
6021.647739526673
6024.789332169439
6027.930924812215
6031.072517455003
6034.214110097802
6037.355702740613
6040.497295383435
6043.6388880262675
6046.780480669112
6049.922073311966
6053.063665954834
6056.205258597711
6059.346851240599
6062.488443883499
6065.63003652641
6068.771629169331
6071.913221812264
6075.054814455208
6078.196407098163
6081.337999741128
6084.479592384106
6087.621185027093
6090.762777670092
6093.904370313102
6097.045962956122
6100.187555599154
6103.3291482421955
6106.470740885249
6109.612333528313
6112.753926171388
6115.895518814474
6119.03711145757
6122.178704100677
6125.320296743795
6128.461889386924
6131.603482030063
6134.745074673213
6137.886667316374
6141.028259959545
6144.169852602728
6147.3114452459195
6150.453037889123
6153.594630532337
6156.7362231755615
6159.877815818797
6163.0194084620425
6166.161001105299
6169.302593748565
6172.444186391843
6175.58577903513
6178.727371678428
6181.868964321737
6185.010556965056
6188.152149608386
6191.293742251726
6194.435334895076
6197.576927538436
6200.718520181807
6203.860112825189
6207.001705468581
6210.143298111983
6213.284890755395
6216.426483398818
6219.568076042251
6222.709668685694
6225.851261329148
6228.992853972612
6232.134446616085
6235.276039259569
6238.417631903064
6241.559224546568
6244.7008171900825
6247.842409833607
6250.984002477142
6254.125595120687
6257.267187764242
6260.408780407807
6263.550373051382
6266.691965694968
6269.833558338562
6272.975150982168
6276.116743625783
6279.258336269409
6282.399928913043
6285.541521556688
6288.683114200344
6291.824706844009
6294.9662994876835
6298.107892131368
6301.249484775062
6304.391077418767
6307.532670062482
6310.674262706206
6313.81585534994
6316.957447993684
6320.099040637437
6323.240633281201
6326.382225924974
6329.523818568757
6332.665411212549
6335.807003856351
6338.948596500163
6342.090189143985
6345.2317817878165
6348.373374431657
6351.514967075508
6354.6565597193685
6357.798152363238
6360.939745007117
6364.081337651007
6367.222930294905
6370.364522938814
6373.506115582732
6376.647708226658
6379.789300870596
6382.930893514542
6386.072486158498
6389.214078802463
6392.355671446438
6395.497264090422
6398.638856734416
6401.780449378419
6404.922042022431
6408.063634666453
6411.205227310484
6414.346819954525
6417.4884125985745
6420.630005242634
6423.771597886703
6426.91319053078
6430.054783174867
6433.196375818964
6436.33796846307
6439.479561107185
6442.621153751309
6445.762746395442
6448.9043390395855
6452.045931683737
6455.187524327898
6458.329116972068
6461.470709616247
6464.612302260436
6467.753894904634
6470.895487548841
6474.037080193057
6477.178672837282
6480.320265481516
6483.461858125758
6486.603450770011
6489.745043414272
6492.8866360585425
6496.028228702821
6499.16982134711
6502.311413991407
6505.453006635714
6508.594599280029
6511.736191924353
6514.8777845686855
6518.019377213028
6521.160969857378
6524.302562501738
6527.444155146107
6530.585747790485
6533.727340434872
6536.868933079267
6540.010525723671
6543.152118368083
6546.293711012505
6549.4353036569355
6552.576896301375
6555.718488945823
6558.86008159028
6562.001674234745
6565.1432668792195
6568.284859523703
6571.426452168194
6574.568044812695
6577.709637457204
6580.851230101722
6583.992822746249
6587.134415390784
6590.276008035327
6593.41760067988
6596.5591933244405
6599.70078596901
6602.842378613588
6605.983971258175
6609.12556390277
6612.267156547374
6615.408749191986
6618.550341836607
6621.691934481237
6624.833527125875
6627.975119770521
6631.116712415176
6634.258305059839
6637.399897704511
6640.541490349191
6643.68308299388
6646.824675638577
6649.966268283282
6653.107860927996
6656.249453572718
6659.391046217449
6662.532638862188
6665.674231506935
6668.81582415169
6671.957416796455
6675.099009441226
6678.240602086007
6681.382194730796
6684.523787375593
6687.6653800203985
6690.806972665212
6693.948565310034
6697.090157954864
6700.231750599702
6703.373343244549
6706.514935889403
6709.656528534266
6712.798121179137
6715.9397138240165
6719.081306468904
6722.222899113799
6725.364491758703
6728.506084403614
6731.647677048534
6734.789269693461
6737.930862338398
6741.072454983342
6744.214047628294
6747.355640273254
6750.497232918222
6753.638825563198
6756.780418208183
6759.9220108531745
6763.063603498174
6766.205196143183
6769.346788788199
6772.488381433223
6775.629974078255
6778.771566723295
6781.913159368343
6785.054752013399
6788.196344658462
6791.337937303534
6794.479529948613
6797.6211225937
6800.762715238796
6803.904307883899
6807.0459005290095
6810.187493174129
6813.329085819255
6816.470678464389
6819.612271109531
6822.75386375468
6825.895456399839
6829.037049045004
6832.178641690177
6835.320234335358
6838.461826980546
6841.603419625742
6844.745012270946
6847.886604916158
6851.028197561378
6854.169790206604
6857.311382851839
6860.452975497082
6863.594568142332
6866.736160787589
6869.877753432855
6873.0193460781275
6876.1609387234075
6879.302531368696
6882.444124013991
6885.585716659295
6888.727309304605
6891.868901949923
6895.01049459525
6898.152087240583
6901.293679885924
6904.435272531272
6907.576865176628
6910.718457821991
6913.860050467362
6917.001643112741
6920.143235758126
6923.28482840352
6926.42642104892
6929.568013694328
6932.709606339744
6935.851198985167
6938.992791630597
6942.134384276034
6945.27597692148
6948.417569566932
6951.559162212392
6954.7007548578595
6957.842347503333
6960.983940148815
6964.1255327943045
6967.267125439801
6970.408718085305
6973.550310730815
6976.691903376333
6979.833496021859
6982.975088667392
6986.116681312932
6989.25827395848
6992.399866604033
6995.541459249595
6998.683051895165
7001.82464454074
7004.966237186324
7008.107829831914
7011.249422477512
7014.391015123117
7017.532607768729
7020.674200414348
7023.815793059974
7026.9573857056075
7030.098978351248
7033.240570996895
7036.38216364255
7039.523756288212
7042.6653489338805
7045.806941579556
7048.948534225239
7052.090126870929
7055.231719516626
7058.37331216233
7061.514904808041
7064.65649745376
7067.798090099484
7070.9396827452165
7074.081275390956
7077.222868036702
7080.364460682455
7083.506053328214
7086.6476459739815
7089.7892386197545
7092.930831265536
7096.072423911323
7099.214016557118
7102.355609202919
7105.497201848728
7108.638794494543
7111.780387140365
7114.921979786193
7118.063572432029
7121.205165077872
7124.346757723722
7127.488350369577
7130.62994301544
7133.771535661311
7136.913128307187
7140.0547209530705
7143.196313598961
7146.337906244858
7149.4794988907615
7152.621091536672
7155.7626841825895
7158.9042768285135
7162.045869474444
7165.1874621203815
7168.3290547663255
7171.470647412277
7174.612240058234
7177.753832704198
7180.895425350169
7184.0370179961465
7187.178610642131
7190.320203288122
7193.461795934119
7196.6033885801235
7199.744981226134
7202.8865738721515
7206.028166518176
7209.169759164206
7212.311351810243
7215.452944456287
7218.594537102337
7221.736129748394
7224.877722394457
7228.0193150405275
7231.160907686603
7234.302500332687
7237.444092978776
7240.585685624872
7243.727278270975
7246.868870917084
7250.0104635632
7253.152056209321
7256.29364885545
7259.435241501585
7262.576834147726
7265.718426793874
7268.860019440028
7272.001612086188
7275.143204732355
7278.284797378529
7281.426390024709
7284.567982670895
7287.709575317088
7290.851167963287
7293.9927606094925
7297.134353255704
7300.275945901922
7303.417538548147
7306.559131194377
7309.700723840614
7312.842316486857
7315.983909133107
7319.125501779364
7322.267094425626
7325.408687071894
7328.550279718169
7331.69187236445
7334.833465010737
7337.975057657031
7341.116650303331
7344.258242949637
7347.399835595949
7350.541428242268
7353.683020888593
7356.824613534924
7359.966206181261
7363.107798827605
7366.249391473954
7369.39098412031
7372.532576766672
7375.67416941304
7378.815762059414
7381.957354705794
7385.098947352181
7388.240539998574
7391.382132644972
7394.523725291377
7397.665317937788
7400.806910584205
7403.948503230628
7407.090095877057
7410.231688523492
7413.373281169934
7416.514873816382
7419.656466462835
7422.798059109295
7425.93965175576
7429.081244402231
7432.222837048709
7435.3644296951925
7438.506022341682
7441.647614988177
7444.789207634679
7447.930800281187
7451.0723929277
7454.21398557422
7457.355578220745
7460.4971708672765
7463.6387635138135
7466.780356160357
7469.921948806907
7473.063541453462
7476.205134100022
7479.346726746589
7482.488319393162
7485.629912039741
7488.771504686325
7491.913097332916
7495.054689979512
7498.196282626114
7501.337875272722
7504.4794679193365
7507.621060565956
7510.762653212581
7513.904245859213
7517.04583850585
7520.187431152493
7523.329023799142
7526.470616445797
7529.612209092457
7532.753801739123
7535.895394385795
7539.036987032473
7542.178579679156
7545.320172325845
7548.461764972541
7551.603357619241
7554.744950265947
7557.88654291266
7561.028135559378
7564.169728206101
7567.31132085283
7570.4529134995655
7573.594506146306
7576.736098793052
7579.877691439804
7583.019284086562
7586.1608767333255
7589.302469380094
7592.444062026869
7595.5856546736495
7598.727247320435
7601.868839967226
7605.010432614024
7608.152025260826
7611.293617907635
7614.4352105544485
7617.576803201268
7620.718395848094
7623.859988494924
7627.001581141761
7630.143173788602
7633.2847664354495
7636.426359082303
7639.567951729161
7642.709544376025
7645.851137022894
7648.99272966977
7652.1343223166505
7655.275914963536
7658.4175076104275
7661.559100257325
7664.700692904227
7667.842285551135
7670.983878198049
7674.125470844968
7677.267063491892
7680.408656138822
7683.5502487857575
7686.691841432698
7689.833434079645
7692.975026726596
7696.1166193735535
7699.258212020515
7702.399804667483
7705.541397314457
7708.682989961435
7711.824582608419
7714.966175255408
7718.107767902404
7721.249360549404
7724.390953196409
7727.53254584342
7730.674138490436
7733.815731137458
7736.957323784485
7740.098916431517
7743.240509078554
7746.382101725598
7749.523694372646
7752.6652870196995
7755.806879666758
7758.948472313822
7762.090064960891
7765.231657607966
7768.373250255046
7771.514842902131
7774.656435549221
7777.798028196316
7780.939620843417
7784.081213490524
7787.222806137635
7790.364398784752
7793.505991431874
7796.647584079001
7799.789176726133
7802.93076937327
7806.072362020413
7809.213954667561
7812.3555473147135
7815.497139961872
7818.638732609035
7821.7803252562035
7824.921917903377
7828.063510550556
7831.20510319774
7834.346695844929
7837.4882884921235
7840.629881139323
7843.771473786527
7846.913066433736
7850.054659080952
7853.196251728171
7856.337844375396
7859.479437022626
7862.621029669861
7865.762622317101
7868.9042149643465
7872.0458076115965
7875.187400258852
7878.328992906112
7881.4705855533775
7884.6121782006485
7887.753770847924
7890.895363495204
7894.0369561424895
7897.1785487897805
7900.320141437076
7903.461734084376
7906.603326731682
7909.744919378993
7912.886512026308
7916.028104673628
7919.169697320954
7922.311289968285
7925.45288261562
7928.59447526296
7931.736067910306
7934.877660557656
7938.0192532050105
7941.1608458523715
7944.302438499736
7947.444031147106
7950.585623794481
7953.727216441861
7956.868809089246
7960.010401736635
7963.151994384029
7966.2935870314295
7969.435179678833
7972.5767723262425
7975.718364973656
7978.859957621075
7982.001550268499
7985.1431429159275
7988.284735563361
7991.4263282107995
7994.567920858242
7997.709513505691
8000.8511061531435
8003.992698800601
8007.134291448063
8010.27588409553
8013.417476743002
8016.55906939048
8019.700662037961
8022.842254685447
8025.983847332938
8029.125439980435
8032.267032627935
8035.4086252754405
8038.550217922951
8041.691810570465
8044.8334032179855
8047.974995865509
8051.116588513039
8054.258181160573
8057.399773808112
8060.5413664556545
8063.682959103203
8066.824551750756
8069.966144398313
8073.107737045875
8076.249329693442
8079.390922341014
8082.532514988589
8085.67410763617
8088.815700283756
8091.957292931346
8095.098885578941
8098.240478226541
8101.382070874145
8104.523663521753
8107.665256169367
8110.806848816986
8113.948441464608
8117.090034112235
8120.231626759867
8123.373219407504
8126.514812055145
8129.6564047027905
8132.797997350441
8135.9395899980955
8139.081182645756
8142.2227752934195
8145.364367941088
8148.505960588761
8151.647553236439
8154.789145884121
8157.930738531808
8161.0723311795
8164.213923827196
8167.355516474896
8170.497109122601
8173.638701770311
8176.780294418025
8179.921887065743
8183.063479713466
8186.205072361194
8189.346665008926
8192.488257656663
8195.629850304404
8198.77144295215
8201.9130355999
8205.054628247655
8208.196220895414
8211.337813543178
8214.479406190945
8217.620998838716
8220.762591486495
8223.904184134275
8227.04577678206
8230.18736942985
8233.328962077645
8236.470554725443
8239.612147373247
8242.753740021055
8245.895332668868
8249.036925316685
8252.178517964505
8255.32011061233
8258.46170326016
8261.603295907995
8264.744888555833
8267.886481203675
8271.028073851523
8274.169666499374
8277.31125914723
8280.452851795091
8283.594444442955
8286.736037090825
8289.877629738698
8293.019222386576
8296.160815034456
8299.302407682344
8302.444000330233
8305.585592978128
8308.727185626029
8311.868778273933
8315.01037092184
8318.151963569751
8321.293556217668
8324.435148865588
8327.576741513514
8330.718334161444
8333.859926809377
8337.001519457315
8340.143112105256
8343.284704753203
8346.426297401153
8349.567890049108
8352.709482697068
8355.85107534503
8358.992667992998
8362.134260640969
8365.275853288946
8368.417445936926
8371.55903858491
8374.700631232898
8377.84222388089
8380.983816528887
8384.12540917689
8387.267001824895
8390.408594472905
8393.550187120918
8396.691779768935
8399.833372416957
8402.974965064985
8406.116557713014
8409.258150361049
8412.399743009088
8415.54133565713
8418.682928305177
8421.824520953229
8424.966113601284
8428.107706249342
8431.249298897406
8434.390891545474
8437.532484193545
8440.674076841622
8443.8156694897
8446.957262137785
8450.098854785872
8453.240447433966
8456.382040082062
8459.523632730163
8462.665225378267
8465.806818026374
8468.948410674488
8472.090003322604
8475.231595970725
8478.373188618849
8481.514781266978
8484.656373915112
8487.797966563248
8490.939559211389
8494.081151859533
8497.222744507682
8500.364337155836
8503.505929803992
8506.647522452153
8509.789115100319
8512.930707748488
8516.072300396661
8519.213893044838
8522.355485693019
8525.497078341203
8528.638670989392
8531.780263637585
8534.921856285782
8538.063448933983
8541.205041582189
8544.346634230396
8547.48822687861
8550.629819526826
8553.771412175047
8556.913004823271
8560.0545974715
8563.196190119732
8566.337782767969
8569.47937541621
8572.620968064453
8575.762560712701
8578.904153360954
8582.04574600921
8585.18733865747
8588.328931305734
8591.470523954002
8594.612116602273
8597.753709250548
8600.895301898827
8604.036894547111
8607.178487195399
8610.320079843688
8613.461672491983
8616.603265140282
8619.744857788584
8622.886450436892
8626.028043085202
8629.169635733515
8632.311228381834
8635.452821030156
8638.59441367848
8641.73600632681
8644.877598975143
8648.019191623482
8651.160784271822
8654.302376920166
8657.443969568514
8660.585562216867
8663.727154865222
8666.868747513583
8670.010340161947
8673.151932810315
8676.293525458686
8679.435118107061
8682.57671075544
8685.718303403823
8688.859896052209
8692.001488700598
8695.143081348991
8698.28467399739
8701.42626664579
8704.567859294197
8707.709451942605
8710.851044591018
8713.992637239435
8717.134229887854
8720.275822536278
8723.417415184706
8726.559007833137
8729.700600481572
8732.84219313001
8735.983785778453
8739.1253784269
8742.266971075349
8745.408563723802
8748.55015637226
8751.69174902072
8754.833341669184
8757.974934317652
8761.116526966125
8764.2581196146
8767.399712263079
8770.541304911561
8773.682897560047
8776.824490208539
8779.966082857032
8783.10767550553
8786.24926815403
8789.390860802536
8792.532453451044
8795.674046099555
8798.815638748072
8801.957231396591
8805.098824045113
8808.24041669364
8811.38200934217
8814.523601990704
8817.665194639241
8820.806787287782
8823.948379936326
8827.089972584874
8830.231565233425
8833.37315788198
8836.51475053054
8839.656343179102
8842.797935827668
8845.939528476238
8849.081121124811
8852.222713773388
8855.364306421969
8858.505899070551
8861.647491719139
8864.78908436773
8867.930677016324
8871.072269664923
8874.213862313523
8877.35545496213
8880.497047610737
8883.638640259349
8886.780232907964
8889.921825556585
8893.063418205207
8896.205010853833
8899.346603502463
8902.488196151095
8905.629788799732
8908.771381448372
8911.912974097017
8915.054566745663
8918.196159394314
8921.337752042968
8924.479344691625
8927.620937340285
8930.76252998895
8933.904122637618
8937.04571528629
8940.187307934964
8943.328900583643
8946.470493232324
8949.61208588101
8952.753678529698
8955.895271178391
8959.036863827087
8962.178456475785
8965.320049124488
8968.461641773192
8971.603234421902
8974.744827070615
8977.88641971933
8981.02801236805
8984.169605016774
8987.3111976655
8990.45279031423
8993.594382962961
8996.735975611698
8999.87756826044
9003.019160909182
9006.160753557928
9009.302346206678
9012.443938855431
9015.585531504188
9018.727124152949
9021.868716801711
9025.01030945048
9028.15190209925
9031.293494748023
9034.4350873968
9037.576680045579
9040.718272694363
9043.859865343149
9047.00145799194
9050.143050640734
9053.284643289531
9056.42623593833
9059.567828587134
9062.70942123594
9065.85101388475
9068.992606533566
9072.134199182381
9075.275791831202
9078.417384480024
9081.558977128852
9084.700569777682
9087.842162426516
9090.983755075351
9094.125347724192
9097.266940373034
9100.40853302188
9103.55012567073
9106.691718319584
9109.83331096844
9112.9749036173
9116.116496266162
9119.258088915029
9122.399681563897
9125.54127421277
9128.682866861645
9131.824459510524
9134.966052159407
9138.107644808293
9141.249237457181
9144.390830106073
9147.532422754968
9150.674015403867
9153.815608052768
9156.957200701672
9160.09879335058
9163.240385999492
9166.381978648407
9169.523571297324
9172.665163946245
9175.80675659517
9178.948349244096
9182.089941893028
9185.231534541961
9188.373127190898
9191.514719839837
9194.65631248878
9197.797905137728
9200.939497786676
9204.08109043563
9207.222683084585
9210.364275733544
9213.505868382506
9216.64746103147
9219.78905368044
9222.930646329412
9226.072238978386
9229.213831627365
9232.355424276346
9235.49701692533
9238.638609574316
9241.780202223308
9244.921794872302
9248.063387521297
9251.204980170298
9254.3465728193
9257.488165468307
9260.629758117315
9263.771350766328
9266.912943415344
9270.054536064361
9273.196128713384
9276.337721362408
9279.479314011436
9282.620906660466
9285.7624993095
9288.904091958537
9292.045684607578
9295.18727725662
9298.328869905667
9301.470462554717
9304.612055203768
9307.753647852824
9310.895240501883
9314.036833150943
9317.178425800008
9320.320018449076
9323.461611098146
9326.603203747221
9329.744796396297
9332.886389045378
9336.02798169446
9339.169574343547
9342.311166992635
9345.452759641727
9348.594352290822
9351.73594493992
9354.87753758902
9358.019130238124
9361.160722887233
9364.302315536343
9367.443908185454
9370.585500834572
9373.72709348369
9376.868686132811
9380.010278781938
9383.151871431066
9386.293464080196
9389.43505672933
9392.576649378467
9395.718242027608
9398.85983467675
9402.001427325897
9405.143019975045
9408.284612624197
9411.426205273352
9414.56779792251
9417.70939057167
9420.850983220833
9423.99257587
